episode,steps,X,Y,yaw,steer,throttle,action,reward,done,all_wheels_on_track,progress,closest_waypoint,track_len,tstamp,episode_status,pause_duration
220,1.0,3.1999041990259367,0.6830124874518184,0.1440688774129997,17.625706219141108,1.7501943649930225,[17.625706219141108 1.7501943649930225],0.0,False,True,0.7915176045252676,1,17.709159380834848,703.377,prepare,0.0
220,2.0,3.1997327938476943,0.6831032114197834,0.18326595495146542,30.0,1.7550467585949256,[30.0 1.7550467585949256],96.605603399742,False,True,0.7905513581379274,1,17.709159380834848,703.435,in_progress,0.0
220,3.0,3.2100465734002293,0.6827648061598615,-0.10824484933129817,-25.581887988246294,1.4993472628278526,[-25.581887988246294 1.4993472628278526],99.8722969706649,False,True,0.8487882434238638,1,17.709159380834848,703.504,in_progress,0.0
220,4.0,3.2281607378899615,0.6839300560710295,0.30680924596985953,30.0,2.1833640007210766,[30.0 2.1833640007210766],116.94215806619238,False,True,0.9510851805898162,1,17.709159380834848,703.576,in_progress,0.0
220,5.0,3.262308604528565,0.6831551989312419,0.16152827992527527,30.0,4.0,[30.0 4.0],154.3904270961453,False,True,1.143904270961453,1,17.709159380834848,703.647,in_progress,0.0
220,6.0,3.31167144593157,0.7031780519960269,4.795466837333173,25.642701234256343,3.046130283207668,[25.642701234256343 3.046130283207668],172.74319798433365,False,True,1.4228189515225698,2,17.709159380834848,703.699,in_progress,0.0
220,7.0,3.3574428128802247,0.7306745992747856,10.344996807534057,9.438902960655838,3.6528756137052683,[9.438902960655838 3.6528756137052683],204.68055219994872,False,True,1.6815179606289605,2,17.709159380834848,703.77,in_progress,0.0
220,8.0,3.4215647453737414,0.7693481390764201,16.440118476366436,-13.944874968624482,1.0,[-13.944874968624482 1.0],214.33153643330425,False,True,2.0433153643330426,2,17.709159380834848,703.844,in_progress,0.0
220,9.0,3.490961665610886,0.7940788526868852,17.945462743538137,-30.0,4.0,[-30.0 4.0],283.5220967699139,False,True,2.435220967699139,3,17.709159380834848,703.913,in_progress,0.0
220,10.0,3.563059133341695,0.8094371762125928,16.319484686195665,-30.0,4.0,[-30.0 4.0],324.2463699756221,False,True,2.842463699756221,3,17.709159380834848,703.967,in_progress,0.0
220,11.0,3.6948854407798026,0.8068407374224147,8.077679513289226,-30.0,4.0,[-30.0 4.0],398.6838780570466,False,True,3.5868387805704662,4,17.709159380834848,704.036,in_progress,0.0
220,12.0,3.754099811266897,0.7952692030073256,3.3512987783613593,-30.0,2.3788973404524603,[-30.0 2.3788973404524603],415.90755072096084,False,True,3.9211857731643622,5,17.709159380834848,704.109,in_progress,0.0
220,13.0,3.8645334177952413,0.760750047458653,-5.796192292671463,-30.0,4.0,[-30.0 4.0],494.4697586111197,False,True,4.544697586111197,5,17.709159380834848,704.171,in_progress,0.0
220,14.0,3.9838978391057367,0.7052239275732334,-15.484813566300486,26.712943449846527,1.206614087697556,[26.712943449846527 1.206614087697556],533.927630486859,False,True,5.218614896098835,6,17.709159380834848,704.242,in_progress,0.0
220,15.0,4.084526692185423,0.6485975225678087,-24.70937772967511,30.0,2.4167294729919933,[30.0 2.4167294729919933],602.8407254360144,False,True,5.786734307060945,7,17.709159380834848,704.306,in_progress,0.0
220,16.0,4.194816660593644,0.5981033479151594,-29.093051418393646,30.0,1.0,[30.0 1.0],650.9417058267667,False,True,6.409417058267667,8,17.709159380834848,704.372,in_progress,0.0
220,17.0,4.31122507960651,0.5574614916349492,-29.461434352541556,30.0,1.0,[30.0 1.0],716.6666182011443,False,True,7.066666182011443,8,17.709159380834848,704.447,in_progress,0.0
220,18.0,4.408426384521152,0.5334363334349632,-26.389283224810764,30.0,2.918214003919479,[30.0 2.918214003919479],790.7318023204448,False,True,7.6154966228125005,9,17.709159380834848,704.513,in_progress,0.0
220,19.0,4.506774852118945,0.5147408678984573,-20.502040862566403,30.0,1.0,[30.0 1.0],827.0812721652222,False,True,8.170812721652222,10,17.709159380834848,704.584,in_progress,0.0
220,20.0,4.6352973080450015,0.5091761135867944,-11.980506201032767,11.028064948504543,1.7020824528499192,[11.028064948504543 1.7020824528499192],906.6737986025414,False,True,8.896529740740421,11,17.709159380834848,704.632,in_progress,0.0
220,21.0,4.692838440355245,0.5128794651117398,-8.053852734029476,30.0,1.2550512658664468,[30.0 1.2550512658664468],934.6965533836299,False,True,9.221460407249653,11,17.709159380834848,704.709,in_progress,0.0
220,22.0,4.784825430210891,0.5287189691827279,-1.810652811141336,28.83407381321043,2.5120577553257997,[28.83407381321043 2.5120577553257997],999.2115741975164,False,True,9.740909966442583,12,17.709159380834848,704.775,in_progress,0.0
220,23.0,4.880922913011947,0.5574714184305049,5.07184478379931,0.6587782594487877,3.1725288798607023,[0.6587782594487877 3.1725288798607023],1060.0865109738497,False,True,10.283612221752428,12,17.709159380834848,704.84,in_progress,0.0
220,24.0,4.983861367095257,0.5948513800391483,11.61226011065905,5.7790985326066036,1.0890225742703363,[5.7790985326066036 1.0890225742703363],1097.3868902991414,False,True,10.864966645564381,13,17.709159380834848,704.904,in_progress,0.0
220,25.0,5.101266712513569,0.6299449316112229,16.656978777046344,-30.0,1.0,[-30.0 1.0],1162.8018763173252,False,True,11.528018763173252,14,17.709159380834848,704.973,in_progress,0.0
220,26.0,5.198928971543633,0.6577150787385531,17.80436166862804,-30.0,2.4782450645049083,[-30.0 2.4782450645049083],1232.7384759776214,False,True,12.079560253325724,14,17.709159380834848,705.041,in_progress,0.0
220,27.0,5.283656056413869,0.675654100130949,16.149659113166692,6.222883305175429,1.0,[6.222883305175429 1.0],1265.8027336010416,False,True,12.558027336010417,15,17.709159380834848,705.102,in_progress,0.0
220,28.0,5.378872203709068,0.6915897153821638,13.769007780284387,-30.0,3.053486854285538,[-30.0 3.053486854285538],1340.1075500947686,False,True,13.095726815519134,15,17.709159380834848,705.166,in_progress,0.0
220,29.0,5.47290080444129,0.7114877025995382,13.016540949189332,30.0,1.6809346379241754,[30.0 1.6809346379241754],1379.4987876723847,False,True,13.626894412931428,16,17.709159380834848,705.24,in_progress,0.0
220,30.0,5.576383942400313,0.7307941765014946,12.08476049751626,-30.0,3.164970242094912,[-30.0 3.164970242094912],1452.7898622247533,False,True,14.211401598038043,17,17.709159380834848,705.304,in_progress,0.0
220,31.0,5.692078039429985,0.7548976229916052,11.626157385819639,-21.557540787450197,1.0,[-21.557540787450197 1.0],1496.4188844851572,False,True,14.86418884485157,18,17.709159380834848,705.373,in_progress,0.0
220,32.0,5.802424956013474,0.7573035256302245,6.687669386586763,-13.987018308217973,2.8572318688948246,[-13.987018308217973 2.8572318688948246],1577.1239661153083,False,True,15.485516474263603,18,17.709159380834848,705.47,in_progress,0.0
220,33.0,5.9393736463908295,0.7434657898475454,0.6698333701248991,6.9802818729392655,1.6126484544121913,[6.9802818729392655 1.6126484544121913],1641.9184457018284,False,True,16.257919611577066,19,17.709159380834848,705.499,in_progress,0.0
220,34.0,6.022316526377682,0.7303176723457251,-2.724095509502054,-26.402022378833628,2.996369878530616,[-26.402022378833628 2.996369878530616],1702.6522839331406,False,True,16.726885851478343,20,17.709159380834848,705.572,in_progress,0.0
220,35.0,6.128577610282437,0.7101128061740664,-6.419152782818361,16.597121141777343,2.5601857996301107,[16.597121141777343 2.5601857996301107],1758.9073878593679,False,True,17.33305529863067,20,17.709159380834848,705.641,in_progress,0.0
220,36.0,6.243712328687495,0.6850029198529928,-9.39665276695241,30.0,2.931887222745503,[30.0 2.931887222745503],1827.1497762853205,False,True,17.978309040578655,21,17.709159380834848,705.708,in_progress,0.0
220,37.0,6.378849024312926,0.6711241595577622,-7.6122584344267805,22.517016024262226,1.4974040176807355,[22.517016024262226 1.4974040176807355],1887.307390835209,False,True,18.723333506584016,22,17.709159380834848,705.769,in_progress,0.0
220,38.0,6.537395424577583,0.6707685282987029,-3.3208835949588615,24.59183378567404,1.6153993059373495,[24.59183378567404 1.6153993059373495],1970.9362169128367,False,True,19.547822238534632,23,17.709159380834848,705.84,in_progress,0.0
220,39.0,6.642065671628871,0.6783571751273786,-0.3274135259624037,30.0,1.0766960277360031,[30.0 1.0766960277360031],2022.7444606694044,False,True,20.11977500392044,24,17.709159380834848,705.905,in_progress,0.0
220,40.0,6.7651917461233015,0.6945446817050681,3.1596110067920575,30.0,1.0,[30.0 1.0],2079.3551782040663,False,True,20.693551782040664,24,17.709159380834848,705.975,in_progress,0.0
220,41.0,6.887796873881366,0.7233835281647731,7.733188033693181,-30.0,1.1171394036826627,[-30.0 1.1171394036826627],2140.4126210686677,False,True,21.292412270318408,25,17.709159380834848,706.041,in_progress,0.0
220,42.0,6.940329524393826,0.7368999311528754,9.32624231102123,30.0,3.291969201306496,[30.0 3.291969201306496],2190.929156148616,False,True,21.58009464135551,26,17.709159380834848,706.088,in_progress,0.0
220,43.0,7.039468297073208,0.7605400419916604,11.354916838867435,7.948668333130001,3.420486742835803,[7.948668333130001 3.420486742835803],2233.3015915413926,False,True,21.99096724113035,26,17.709159380834848,706.17,in_progress,0.0
220,44.0,7.12639457445136,0.7945075372859683,14.956950338660512,19.29151056950853,1.0,[19.29151056950853 1.0],2255.6251802422344,False,True,22.456251802422344,27,17.709159380834848,706.237,in_progress,0.0
220,45.0,7.219618198664012,0.8405770023460029,19.00668613189955,-30.0,4.0,[-30.0 4.0],2323.5294541497924,False,True,22.835294541497923,27,17.709159380834848,706.308,in_progress,0.0
220,46.0,7.310370526185154,0.8896103216289439,22.331177551367052,-5.278329453832086,2.9036824821835516,[-5.278329453832086 2.9036824821835516],2352.3004969904578,False,True,23.232636721686223,27,17.709159380834848,706.371,in_progress,0.0
220,47.0,7.419848278000876,0.930136173000295,21.490441627941667,18.505012729317393,1.0,[18.505012729317393 1.0],0.0,False,False,23.682777935099438,28,17.709159380834848,706.44,in_progress,0.0
220,48.0,7.537253644018366,0.9771833431566042,21.368981406595967,30.0,1.0,[30.0 1.0],0.0,False,False,24.048507043528602,28,17.709159380834848,706.505,in_progress,0.0
220,49.0,7.63695096475979,1.02801913292231,23.7058524027319,30.0,1.9620473776626266,[30.0 1.9620473776626266],0.0,False,False,24.528594659861934,29,17.709159380834848,706.578,in_progress,0.0
220,50.0,7.708661410913058,1.0755851996199701,26.984227634974282,13.938655621300953,1.0,[13.938655621300953 1.0],0.0,False,False,24.634557922120138,29,17.709159380834848,706.638,in_progress,0.0
220,51.0,7.77595640492872,1.1335350048464115,31.63023629989703,-30.0,3.9894931266953986,[-30.0 3.9894931266953986],0.0,True,False,25.08217666772553,30,17.709159380834848,706.7,off_track,0.0
221,1.0,4.085453126305126,0.6837555961267161,0.06663416445327083,-3.4935695293250575,3.3028681579085184,[-3.4935695293250575 3.3028681579085184],0.0,False,True,0.792034670791706,7,17.709159380834848,706.843,prepare,0.0
221,2.0,4.085190493550302,0.6836132374880973,0.019930504742757926,-6.206197543957568,1.6448433248624483,[-6.206197543957568 1.6448433248624483],95.50356906241167,False,True,0.7905513581378719,7,17.709159380834848,706.911,in_progress,0.0
221,3.0,4.092413290455148,0.6874290780436736,1.0810768821272116,-1.0520843455943876,4.0,[-1.0520843455943876 4.0],123.13444987992226,False,True,0.8313444987992226,7,17.709159380834848,706.972,in_progress,0.0
221,4.0,4.112891272288123,0.6889008432191811,1.2761214803214416,30.0,3.913759414648773,[30.0 3.913759414648773],133.83584817321196,False,True,0.9469825402672425,7,17.709159380834848,707.035,in_progress,0.0
221,5.0,4.148436914675998,0.6977508119338056,3.465595779348412,-13.679808321001357,3.4718057646311093,[-13.679808321001357 3.4718057646311093],149.48997516882437,False,True,1.1477191752251328,7,17.709159380834848,707.104,in_progress,0.0
221,6.0,4.191944204239281,0.7126625631971525,6.3193174375229395,-30.0,1.0,[-30.0 1.0],149.34257080243552,False,True,1.3934257080243553,8,17.709159380834848,707.175,in_progress,0.0
221,7.0,4.248376028014106,0.7072141550407548,4.174438691341941,-30.0,1.0,[-30.0 1.0],181.20737691322898,False,True,1.7120737691322898,8,17.709159380834848,707.238,in_progress,0.0
221,8.0,4.309243101161167,0.6886232482270497,-1.1205644007938045,-30.0,1.5392187254483716,[-30.0 1.5392187254483716],220.96625594427496,False,True,2.0557406868979125,8,17.709159380834848,707.306,in_progress,0.0
221,9.0,4.3772090830410795,0.6533365655679891,-8.757522059497072,5.507599095039517,1.6595711074529307,[5.507599095039517 1.6595711074529307],260.5416116207311,False,True,2.4394590054620178,9,17.709159380834848,707.374,in_progress,0.0
221,10.0,4.442679829547757,0.6162077906540502,-14.858934275528858,30.0,1.7380483220983964,[30.0 1.7380483220983964],298.2889850765283,False,True,2.8090850185554435,9,17.709159380834848,707.442,in_progress,0.0
221,11.0,4.525886005903213,0.5895048350973463,-15.90024657806684,30.0,3.1815979960781973,[30.0 3.1815979960781973],359.7039421971654,False,True,3.278879622363834,10,17.709159380834848,707.488,in_progress,0.0
221,12.0,4.62376816384581,0.5746316101635058,-13.14588084683387,30.0,4.0,[30.0 4.0],423.1562879984114,False,True,3.8315628799841144,10,17.709159380834848,707.573,in_progress,0.0
221,13.0,4.740892884337317,0.5748252609487661,-7.061516608630952,30.0,1.0,[30.0 1.0],459.29320358890396,False,True,4.49293203588904,11,17.709159380834848,707.64,in_progress,0.0
221,14.0,4.8379988791232424,0.5895173149180374,0.14230048197456638,30.0,2.052569946246732,[30.0 2.052569946246732],524.6558589420282,False,True,5.041301594795609,12,17.709159380834848,707.708,in_progress,0.0
221,15.0,4.926984955426042,0.6144341284576668,7.065812546220724,23.418023652528156,1.5584329697636876,[23.418023652528156 1.5584329697636876],569.9683505060984,False,True,5.543840208084616,12,17.709159380834848,707.776,in_progress,0.0
221,16.0,5.059616448714306,0.6762786829326054,17.138112502376213,-30.0,2.443640058851268,[-30.0 2.443640058851268],653.7284447449422,False,True,6.292920441564295,13,17.709159380834848,707.843,in_progress,0.0
221,17.0,5.115480217405974,0.705682355045189,19.999075854183108,22.53495589234894,1.7786958362233358,[22.53495589234894 1.7786958362233358],678.6299778068212,False,True,6.608430194445878,14,17.709159380834848,707.905,in_progress,0.0
221,18.0,5.209643962722044,0.7514636619149134,22.395194454425553,-30.0,2.424554068488302,[-30.0 2.424554068488302],738.268088309981,False,True,7.140225476250979,14,17.709159380834848,707.969,in_progress,0.0
221,19.0,5.316984713734892,0.8062588989814644,24.27387724801477,-19.865690910946512,1.7370745509446677,[-19.865690910946512 1.7370745509446677],792.0258885409643,False,True,7.746551430315176,15,17.709159380834848,708.044,in_progress,0.0
221,20.0,5.4300582360388425,0.8476614423128241,22.48830001979289,-30.0,1.0,[-30.0 1.0],848.5159328322724,False,True,8.385159328322723,16,17.709159380834848,708.112,in_progress,0.0
221,21.0,5.538477170911306,0.8770413833773995,19.4503432285958,-30.0,4.0,[-30.0 4.0],939.8559800824384,False,True,8.998559800824383,17,17.709159380834848,708.17,in_progress,0.0
221,22.0,5.652331197981023,0.8983005249157814,15.552629316027433,-30.0,2.1191661133007083,[-30.0 2.1191661133007083],985.1400710276066,False,True,9.639484098945996,17,17.709159380834848,708.239,in_progress,0.0
221,23.0,5.7954449411199995,0.8980371628572935,7.183275092378992,-30.0,3.4474436503407073,[-30.0 3.4474436503407073],1078.7174326470997,False,True,10.442429961436925,18,17.709159380834848,708.31,in_progress,0.0
221,24.0,5.922514547720537,0.8838259280189715,0.5216535351600952,4.7983793141447535,1.0,[4.7983793141447535 1.0],1125.6092018672957,False,True,11.156092018672958,19,17.709159380834848,708.371,in_progress,0.0
221,25.0,6.056347733605365,0.8598475445292083,-7.035293020509701,30.0,1.4605958097730398,[30.0 1.4605958097730398],1209.3001570668634,False,True,11.946941989691332,20,17.709159380834848,708.436,in_progress,0.0
221,26.0,6.183114262451171,0.8483090864721724,-8.284323892862677,30.0,2.0455371819979185,[30.0 2.0455371819979185],1286.5420223335607,False,True,12.660866505135814,21,17.709159380834848,708.505,in_progress,0.0
221,27.0,6.283895610917293,0.8474535449284072,-5.441739531451042,30.0,1.0,[30.0 1.0],1338.0150881749291,False,True,13.280150881749291,22,17.709159380834848,708.574,in_progress,0.0
221,28.0,6.395404558050818,0.8633875092751927,1.13649451675623,-23.42893271435961,1.0,[-23.42893271435961 1.0],1406.298376544299,False,True,13.962983765442988,22,17.709159380834848,708.644,in_progress,0.0
221,29.0,6.496565146428306,0.8813014048056446,6.045909656156636,20.176873737586483,1.8008796910628073,[20.176873737586483 1.8008796910628073],1490.358430550628,False,True,14.7234963364,23,17.709159380834848,708.709,in_progress,0.0
221,30.0,6.584864096082466,0.8996707934737027,8.39511141623122,21.736490275103677,1.0,[21.736490275103677 1.0],1546.67814363111,False,True,15.3667814363111,24,17.709159380834848,708.775,in_progress,0.0
221,31.0,6.674147524827087,0.932181638775345,12.67839013278365,30.0,1.9249601182248364,[30.0 1.9249601182248364],1608.9105531338298,False,True,15.896609519515813,25,17.709159380834848,708.835,in_progress,0.0
221,32.0,6.778777506137418,0.9842947845239225,18.528798635507446,30.0,3.130056847824841,[30.0 3.130056847824841],1693.2837735837888,False,True,16.619832051055404,26,17.709159380834848,708.914,in_progress,0.0
221,33.0,6.861062393858562,1.0384311733008207,24.108817010105774,30.0,3.830038474649161,[30.0 3.830038474649161],1763.8175766262245,False,True,17.25517191879733,26,17.709159380834848,708.973,in_progress,0.0
221,34.0,6.9515796405810075,1.115800276305789,31.70857384119315,28.08464121884937,4.0,[28.08464121884937 4.0],1844.5564125843632,False,True,18.045564125843633,27,17.709159380834848,709.038,in_progress,0.0
221,35.0,7.041448018115983,1.2145607248369164,40.73216690535789,30.0,4.0,[30.0 4.0],1926.0965200012806,False,True,18.860965200012807,28,17.709159380834848,709.109,in_progress,0.0
221,36.0,7.125761422468087,1.3325333035087716,50.89152103603667,30.0,2.5609845230452426,[30.0 2.5609845230452426],1997.3494172249432,False,True,19.717395719944907,29,17.709159380834848,709.173,in_progress,0.0
221,37.0,7.191615829803433,1.4548522991228392,61.357195872282816,30.0,3.3895148535847213,[30.0 3.3895148535847213],2086.9106944412883,False,True,20.530155459054413,30,17.709159380834848,709.243,in_progress,0.0
221,38.0,7.248465617495533,1.5927969358248841,72.23643264948954,30.0,1.0,[30.0 1.0],2149.8889408667146,False,True,21.398889408667145,31,17.709159380834848,709.301,in_progress,0.0
221,39.0,7.292505096892645,1.7368479744570826,85.51043482496907,30.0,2.867472386287712,[30.0 2.867472386287712],2250.519817315436,False,True,22.218450934525585,32,17.709159380834848,709.376,in_progress,0.0
221,40.0,7.3211649563098335,1.8587306583592682,97.52240938561857,30.0,1.0676021109034641,[30.0 1.0676021109034641],2298.905977035425,False,True,22.882299559263906,33,17.709159380834848,709.442,in_progress,0.0
221,41.0,7.335747835738783,1.9885132171355107,111.65339376295404,30.0,1.0,[30.0 1.0],2365.310315871599,False,True,23.553103158715988,34,17.709159380834848,709.503,in_progress,0.0
221,42.0,7.346743809550066,2.0924190942128558,121.36614012219675,30.0,2.773948493510483,[30.0 2.773948493510483],2430.2497028034704,False,True,24.025102178683653,34,17.709159380834848,709.574,in_progress,0.0
221,43.0,7.350529554313574,2.193121044728807,128.8830840296042,30.0,2.729447871572772,[30.0 2.729447871572772],2482.8519286683136,False,True,24.55557449952586,35,17.709159380834848,709.641,in_progress,0.0
221,44.0,7.331924607123842,2.308385831852197,139.12198535775573,30.0,1.8599568256537635,[30.0 1.8599568256537635],2521.922439026232,False,True,25.033228707696946,35,17.709159380834848,709.703,in_progress,0.0
221,45.0,7.303033891839017,2.381662802885741,148.0358194108734,-10.29084828176379,3.5902336448114713,[-10.29084828176379 3.5902336448114713],0.0,False,False,25.475220926435522,36,17.709159380834848,709.773,in_progress,0.0
221,46.0,7.249164505085296,2.472637159621183,158.36144903339067,-12.658261744024138,1.0,[-12.658261744024138 1.0],0.0,False,False,25.875144355624492,36,17.709159380834848,709.843,in_progress,0.0
221,47.0,7.1946037775651215,2.5339002800083716,169.68160643887822,15.603841972681195,1.0,[15.603841972681195 1.0],0.0,False,False,26.337010925288222,37,17.709159380834848,709.905,in_progress,0.0
221,48.0,7.1440746183686485,2.578187102958274,179.68510844723937,0.4181497482341392,1.0,[0.4181497482341392 1.0],0.0,False,False,26.556180594988504,37,17.709159380834848,709.964,in_progress,0.0
221,49.0,7.090367042464726,2.6083963402914203,-170.13375494473112,-26.100847630053384,2.943394182047312,[-26.100847630053384 2.943394182047312],0.0,False,False,26.891027686872356,38,17.709159380834848,710.037,in_progress,0.0
221,50.0,7.024730847418595,2.63550408503862,-161.49697224674236,-30.0,1.0,[-30.0 1.0],0.0,False,False,27.19676866646445,38,17.709159380834848,710.103,in_progress,0.0
221,51.0,6.950608659865685,2.650251088100795,-153.45395932462,30.0,1.0,[30.0 1.0],2762.369328911947,False,True,27.52369328911947,38,17.709159380834848,710.176,in_progress,0.0
221,52.0,6.887070817467022,2.6479401324899663,-147.41341008586804,-30.0,2.639712443273628,[-30.0 2.639712443273628],2806.3542395959244,False,True,27.79957115163188,39,17.709159380834848,710.239,in_progress,0.0
221,53.0,6.818021846191681,2.6322080170238853,-142.07739212261097,-30.0,1.0,[-30.0 1.0],2814.8579672508667,False,True,28.048579672508666,39,17.709159380834848,710.307,in_progress,0.0
221,54.0,6.7329394281813695,2.6106011269268077,-140.28021179282095,-8.853151551352603,2.514054573814449,[-8.853151551352603 2.514054573814449],2863.7140491999844,False,True,28.385735034618403,39,17.709159380834848,710.379,in_progress,0.0
221,55.0,6.650277909300701,2.5795880227560803,-143.04384942766484,-30.0,4.0,[-30.0 4.0],2910.881608953473,False,True,28.70881608953473,40,17.709159380834848,710.444,in_progress,0.0
221,56.0,6.574566506335596,2.5490227529312355,-147.77162087509305,14.543930049463569,3.3165778192137743,[14.543930049463569 3.3165778192137743],2946.393000451487,False,True,29.132272222593492,40,17.709159380834848,710.506,in_progress,0.0
221,57.0,6.496034190298035,2.519500407196371,-151.6600769671033,18.10909752031032,3.3503383096492865,[18.10909752031032 3.3503383096492865],2982.525504594695,False,True,29.49022121498202,41,17.709159380834848,710.573,in_progress,0.0
221,58.0,6.389903794951606,2.457907096517234,-150.84188696887034,30.0,1.0,[30.0 1.0],3028.786499224115,False,True,30.18786499224115,42,17.709159380834848,710.642,in_progress,0.0
221,59.0,6.304979323049569,2.3956860988497994,-148.25292581383727,30.0,2.5659269524614237,[30.0 2.5659269524614237],0.0,False,False,30.867130122219997,42,17.709159380834848,710.708,in_progress,0.0
221,60.0,6.217855888764952,2.3189248407662144,-144.13388587384443,30.0,4.0,[30.0 4.0],0.0,False,False,31.328186300382065,43,17.709159380834848,710.769,in_progress,0.0
221,61.0,6.140471340273076,2.2269811725376374,-137.8490752197394,30.0,4.0,[30.0 4.0],0.0,False,False,31.872325040470873,44,17.709159380834848,710.844,in_progress,0.0
221,62.0,6.065537572783536,2.1062491607917297,-128.88892370977837,3.0525389235267397,3.4653314042522068,[3.0525389235267397 3.4653314042522068],0.0,True,False,32.39492234119574,44,17.709159380834848,710.882,off_track,0.0
222,1.0,4.970846253650236,0.684114191369129,0.06971255988197347,-30.0,1.8335819535492142,[-30.0 1.8335819535492142],0.0,False,True,0.7916689673277397,13,17.709159380834848,711.039,prepare,0.0
222,2.0,4.9707690369453825,0.6839813122168326,0.04961422693527094,30.0,2.4506709856846625,[30.0 2.4506709856846625],103.62997472243494,False,True,0.7912326486558832,13,17.709159380834848,711.105,in_progress,0.0
222,3.0,4.978021749756572,0.6868365442400002,0.62328967607658,19.138379346840864,4.0,[19.138379346840864 4.0],123.21935003960792,False,True,0.8321935003960792,13,17.709159380834848,711.173,in_progress,0.0
222,4.0,4.999209738526516,0.6956295210158286,2.724980696767097,11.14198378786218,1.7111168150239242,[11.14198378786218 1.7111168150239242],112.29687179083072,False,True,0.9518570364059148,13,17.709159380834848,711.242,in_progress,0.0
222,5.0,5.035583456062154,0.7128741497135814,6.365752595643551,-22.836644968782576,1.0414986995847912,[-22.836644968782576 1.0414986995847912],126.14337350580536,False,True,1.1572838650995745,13,17.709159380834848,711.307,in_progress,0.0
222,6.0,5.077464852861849,0.73155023679786,9.65824021790359,-28.622155098240043,1.6996972012070788,[-28.622155098240043 1.6996972012070788],156.37864066394806,False,True,1.3938166865187729,13,17.709159380834848,711.376,in_progress,0.0
222,7.0,5.1365359713225915,0.7374152331019524,8.708042223336271,-30.0,4.0,[-30.0 4.0],212.73908553094145,False,True,1.7273908553094144,14,17.709159380834848,711.447,in_progress,0.0
222,8.0,5.207941764952187,0.7296019011205326,4.296393477026562,-10.075425390512823,1.069582519235047,[-10.075425390512823 1.069582519235047],223.753448678342,False,True,2.1305762348599155,14,17.709159380834848,711.505,in_progress,0.0
222,9.0,5.279888502905446,0.7178328085250328,-0.11388678597917175,16.017622792831773,4.0,[16.017622792831773 4.0],293.68246573782505,False,True,2.5368246573782507,15,17.709159380834848,711.575,in_progress,0.0
222,10.0,5.3569781548763675,0.7154191840733289,-0.4437762839935011,0.9004291005828051,1.0,[0.9004291005828051 1.0],307.2155997800077,False,True,2.972155997800077,15,17.709159380834848,711.636,in_progress,0.0
222,11.0,5.452659168938458,0.731677372435206,3.3835841638026545,11.111307437918946,1.6954574912682623,[11.111307437918946 1.6954574912682623],368.2034002669491,False,True,3.5124882535426645,16,17.709159380834848,711.708,in_progress,0.0
222,12.0,5.531222956589544,0.7481043726705662,6.018935856114198,2.57517387189732,1.0,[2.57517387189732 1.0],405.653021393946,False,True,3.9565302139394602,17,17.709159380834848,711.778,in_progress,0.0
222,13.0,5.614054488639118,0.7751901720030387,10.05177647367582,-15.865921917795452,1.0,[-15.865921917795452 1.0],452.3568696905139,False,True,4.423568696905139,17,17.709159380834848,711.835,in_progress,0.0
222,14.0,5.683850824365264,0.7962107655115572,11.95048256205581,-30.0,1.0,[-30.0 1.0],491.7655830012771,False,True,4.817655830012771,18,17.709159380834848,711.901,in_progress,0.0
222,15.0,5.760773680839574,0.8118449901694175,11.809554703231678,-10.518203186204769,1.0,[-10.518203186204769 1.0],534.8899583995723,False,True,5.248899583995723,18,17.709159380834848,711.974,in_progress,0.0
222,16.0,5.844670517006991,0.8261463037874577,11.101890784363881,-30.0,1.0,[-30.0 1.0],582.2269626105655,False,True,5.722269626105655,19,17.709159380834848,712.049,in_progress,0.0
222,17.0,5.909630060128865,0.8321331062722181,9.659441320862104,-30.0,1.0,[-30.0 1.0],618.5780627107729,False,True,6.085780627107729,19,17.709159380834848,712.11,in_progress,0.0
222,18.0,5.980437426560548,0.8298885552734797,6.512815627792247,-0.4106076879000753,1.0,[-0.4106076879000753 1.0],658.5707385095246,False,True,6.485707385095246,19,17.709159380834848,712.172,in_progress,0.0
222,19.0,6.052828505999152,0.8300717043278861,4.708481790712901,-1.0341516430050781,2.5841080323633303,[-1.0341516430050781 2.5841080323633303],715.2872844676341,False,True,6.894462041440008,20,17.709159380834848,712.24,in_progress,0.0
222,20.0,6.134918141389611,0.838350138995101,5.063037778521076,17.794634341502963,1.0,[17.794634341502963 1.0],748.7363857101384,False,True,7.387363857101384,21,17.709159380834848,712.307,in_progress,0.0
222,21.0,6.205284427448441,0.8523514486284594,6.640946597098933,30.0,2.851424467654296,[30.0 2.851424467654296],812.5189124601902,False,True,7.840046677836473,21,17.709159380834848,712.374,in_progress,0.0
222,22.0,6.303363989389089,0.8808638375461448,10.312259048743421,30.0,2.707323398875171,[30.0 2.707323398875171],867.6012794774663,False,True,8.405280454887146,22,17.709159380834848,712.414,in_progress,0.0
222,23.0,6.398101222395588,0.9284281944946442,16.797105655363012,30.0,3.6885684667483836,[30.0 3.6885684667483836],939.6665124814631,False,True,9.027808278139792,22,17.709159380834848,712.505,in_progress,0.0
222,24.0,6.481712062685437,0.9874961855822849,24.09550095934999,-30.0,2.49897291792157,[-30.0 2.49897291792157],1009.2604400587729,False,True,9.842707108795572,23,17.709159380834848,712.574,in_progress,0.0
222,25.0,6.590719225484484,1.0716846828602782,32.47025531571395,-16.237312419320805,1.7644981362745642,[-16.237312419320805 1.7644981362745642],1104.4314569707392,False,True,10.867864756079934,25,17.709159380834848,712.623,in_progress,0.0
222,26.0,6.698867221095612,1.129524980717791,32.41036187167151,-5.847243180888295,2.3932905828259474,[-5.847243180888295 2.3932905828259474],1195.1945223906132,False,True,11.712616165623539,26,17.709159380834848,712.683,in_progress,0.0
222,27.0,6.81176780676236,1.180390277722553,28.857804341135918,11.14531268736932,3.2446003010579303,[11.14531268736932 3.2446003010579303],1290.5565640914006,False,True,12.581105610808214,27,17.709159380834848,712.77,in_progress,0.0
222,28.0,6.935259382948343,1.235974347308771,26.78066983574213,30.0,2.9022927454389285,[30.0 2.9022927454389285],1382.4733453374358,False,True,13.534504178830467,28,17.709159380834848,712.842,in_progress,0.0
222,29.0,7.068329851963364,1.3155042809278983,29.037974192392163,-5.9475235529157935,4.0,[-5.9475235529157935 4.0],1483.2977918701652,False,True,14.432977918701651,29,17.709159380834848,712.887,in_progress,0.0
222,30.0,7.208874405522333,1.4023746090390778,30.228304287846015,30.0,1.0,[30.0 1.0],1536.120260662964,False,True,15.26120260662964,30,17.709159380834848,712.975,in_progress,0.0
222,31.0,7.363558745273883,1.4905024367828636,29.44692665806802,-14.713069293872852,4.0,[-14.713069293872852 4.0],1638.769971221942,False,True,15.987699712219419,31,17.709159380834848,713.041,in_progress,0.0
222,32.0,7.494031626783459,1.5637467069816624,29.028014075734664,30.0,1.134001086793583,[30.0 1.134001086793583],1645.2973912774842,False,True,16.339573804095483,31,17.709159380834848,713.102,in_progress,0.0
222,33.0,7.634246129953171,1.6387689005264863,27.923985540427232,22.878912486763667,1.124351583030854,[22.878912486763667 1.124351583030854],1693.3976102377285,False,True,16.8215409440742,32,17.709159380834848,713.172,in_progress,0.0
222,34.0,7.7729171855882795,1.722335701347117,29.75243640687645,18.72887635720832,2.502684578497126,[18.72887635720832 2.502684578497126],0.0,False,False,17.103484010259027,32,17.709159380834848,713.24,in_progress,0.0
222,35.0,7.867069071429286,1.7882412891965682,31.937247321211625,-6.951646605184184,1.1650954529165987,[-6.951646605184184 1.1650954529165987],0.0,False,False,17.117171115536937,32,17.709159380834848,713.309,in_progress,0.0
222,36.0,7.967268303450167,1.8683204501586577,35.88852706084484,-13.790424130053214,2.597911546013956,[-13.790424130053214 2.597911546013956],0.0,True,False,17.498186871509123,32,17.709159380834848,713.375,off_track,0.0
223,1.0,5.856347447630823,0.6843018657739398,-0.02099056948861549,7.64990044283573,2.7615275685360987,[7.64990044283573 2.7615275685360987],0.0,False,True,0.7919073625335282,19,17.709159380834848,713.507,prepare,0.0
223,2.0,5.856106164211037,0.6842554637200184,-0.018571698924827403,12.113896808503881,1.0,[12.113896808503881 1.0],89.05461097582555,False,True,0.7905461097582556,19,17.709159380834848,713.573,in_progress,0.0
223,3.0,5.863956743375158,0.6851180317573519,0.19846794174224916,-12.824311975287273,1.1784383195330714,[-12.824311975287273 1.1784383195330714],95.26975755232982,False,True,0.834853743569991,19,17.709159380834848,713.643,in_progress,0.0
223,4.0,5.885876420261579,0.6829610227613035,-0.3774947607848032,-30.0,1.0,[-30.0 1.0],105.86846366966218,False,True,0.9586846366966217,19,17.709159380834848,713.707,in_progress,0.0
223,5.0,5.921977911646366,0.6699309385117966,-3.3846812415449903,30.0,1.2133053163575478,[30.0 1.2133053163575478],128.44974379729115,False,True,1.1631669063371568,19,17.709159380834848,713.772,in_progress,0.0
223,6.0,5.9656503015677025,0.6535965299439045,-6.560172534633347,30.0,1.3481564465278515,[30.0 1.3481564465278515],154.53546588092803,False,True,1.410539014156495,19,17.709159380834848,713.835,in_progress,0.0
223,7.0,6.021049141569202,0.6556586467164751,-4.59699442939243,-14.615842059591104,2.8886208013680084,[-14.615842059591104 2.8886208013680084],201.2118640855662,False,True,1.723256560718861,20,17.709159380834848,713.909,in_progress,0.0
223,8.0,6.0843629346130745,0.6580620330633273,-3.0201686923750435,30.0,4.0,[30.0 4.0],247.59499382825618,False,True,2.075949938282562,20,17.709159380834848,713.973,in_progress,0.0
223,9.0,6.1623392879487096,0.6615711498759155,-0.8299096624235082,30.0,1.0,[30.0 1.0],261.6629167481785,False,True,2.516629167481785,21,17.709159380834848,714.042,in_progress,0.0
223,10.0,6.242583862924749,0.6862473230259063,5.334489515798582,30.0,1.0,[30.0 1.0],307.25385119307833,False,True,2.9725385119307832,21,17.709159380834848,714.108,in_progress,0.0
223,11.0,6.3207638154228585,0.7228165794332484,11.725760990104902,24.10641477546946,4.0,[24.10641477546946 4.0],382.95414842363425,False,True,3.4295414842363425,22,17.709159380834848,714.175,in_progress,0.0
223,12.0,6.401002753646574,0.7717563977124758,18.902160609673388,-27.64366216322631,1.0,[-27.64366216322631 1.0],402.423316250671,False,True,3.92423316250671,22,17.709159380834848,714.242,in_progress,0.0
223,13.0,6.473793235189394,0.8207979584421535,25.72238634992956,-30.0,3.878471181753978,[-30.0 3.878471181753978],475.6829293255422,False,True,4.368982175080024,23,17.709159380834848,714.307,in_progress,0.0
223,14.0,6.555338692196976,0.8655684404413176,27.545785412737903,30.0,1.0,[30.0 1.0],510.7307403447683,False,True,5.007307403447683,24,17.709159380834848,714.37,in_progress,0.0
223,15.0,6.627954049040579,0.8992951239936098,26.632523773914297,0.5037810001308252,1.0,[0.5037810001308252 1.0],567.8384541402453,False,True,5.578384541402453,24,17.709159380834848,714.422,in_progress,0.0
223,16.0,6.714787638677224,0.9416081133336051,26.419890046607705,30.0,2.743311961051745,[30.0 2.743311961051745],645.9848225211565,False,True,6.185517029106391,25,17.709159380834848,714.506,in_progress,0.0
223,17.0,6.777165302993952,0.972164313678146,26.46832841321923,30.0,1.0,[30.0 1.0],667.3522774110718,False,True,6.573522774110718,26,17.709159380834848,714.576,in_progress,0.0
223,18.0,6.844817390176277,1.019495518365152,29.19150943454438,30.0,1.0137133759835752,[30.0 1.0137133759835752],721.6910067671932,False,True,7.115538730073576,26,17.709159380834848,714.639,in_progress,0.0
223,19.0,6.900219873927899,1.069182045349697,32.817780938667454,30.0,1.4497288487352407,[30.0 1.4497288487352407],768.0738998338792,False,True,7.535766113465267,27,17.709159380834848,714.709,in_progress,0.0
223,20.0,6.949594469078177,1.1275516565297727,37.83024170520414,-6.2717856071218705,1.0,[-6.2717856071218705 1.0],819.2061855375117,False,True,8.092061855375118,27,17.709159380834848,714.775,in_progress,0.0
223,21.0,6.996358396181616,1.1875503564906378,42.4529777155218,-6.939639887730625,1.0537232260901526,[-6.939639887730625 1.0537232260901526],862.6890063215698,False,True,8.521517740606683,28,17.709159380834848,714.845,in_progress,0.0
223,22.0,7.053276925273575,1.240370336575034,42.68919370098232,30.0,2.1159828288949076,[30.0 2.1159828288949076],923.2404800643247,False,True,9.020806517753757,28,17.709159380834848,714.907,in_progress,0.0
223,23.0,7.104710294697431,1.2938861246275595,43.85884004062048,30.0,1.1990504189645956,[30.0 1.1990504189645956],954.5909460889458,False,True,9.426004418992997,29,17.709159380834848,714.973,in_progress,0.0
223,24.0,7.152984410458916,1.3695938582499434,48.38351327944462,30.0,1.0,[30.0 1.0],1006.9532433345248,False,True,9.969532433345249,30,17.709159380834848,715.053,in_progress,0.0
223,25.0,7.196342748443857,1.4687157711779135,55.47346421313983,30.0,1.0,[30.0 1.0],1071.2746992307764,False,True,10.612746992307764,30,17.709159380834848,715.108,in_progress,0.0
223,26.0,7.21247258450762,1.5230305497422365,59.47684847998658,30.0,1.0,[30.0 1.0],1103.2660810589705,False,True,10.932660810589706,31,17.709159380834848,715.176,in_progress,0.0
223,27.0,7.225255226911888,1.5843359775344736,64.05979906924789,30.0,1.0,[30.0 1.0],1144.1392838615218,False,True,11.341392838615217,31,17.709159380834848,715.231,in_progress,0.0
223,28.0,7.2358438922145885,1.6895899434960429,71.78021490029457,30.0,3.2445619758716724,[30.0 3.2445619758716724],1226.300992221615,False,True,11.938553724628981,32,17.709159380834848,715.305,in_progress,0.0
223,29.0,7.235494862161825,1.7348067094169801,75.24976952606866,30.0,1.0,[30.0 1.0],1234.5644242061521,False,True,12.245644242061521,32,17.709159380834848,715.376,in_progress,0.0
223,30.0,7.2287846781782985,1.8107271534041325,80.96233465145055,30.0,3.527341432979291,[30.0 3.527341432979291],1302.8534398421039,False,True,12.675800255123109,33,17.709159380834848,715.44,in_progress,0.0
223,31.0,7.2142465850433695,1.8902010322433416,86.9473467364002,5.066280194587364,1.0,[5.066280194587364 1.0],1325.5409477801882,False,True,13.155409477801882,33,17.709159380834848,715.506,in_progress,0.0
223,32.0,7.198532640445962,1.9691918350594313,92.02742489669976,30.0,3.7799833565108973,[30.0 3.7799833565108973],1398.813144063162,False,True,13.610133104980532,34,17.709159380834848,715.572,in_progress,0.0
223,33.0,7.172283673433794,2.0532333447309004,97.56311695368143,25.580727888420974,4.0,[25.580727888420974 4.0],1453.7739824892992,False,True,14.137739824892993,34,17.709159380834848,715.635,in_progress,0.0
223,34.0,7.121717510323642,2.1389613010514297,106.22274159302489,17.86935728446516,1.0,[17.86935728446516 1.0],1484.4074881952652,False,True,14.74407488195265,35,17.709159380834848,715.709,in_progress,0.0
223,35.0,7.055573821821538,2.2186786180789637,117.12955928037415,30.0,3.221835763752562,[30.0 3.221835763752562],1563.8928178886767,False,True,15.316744602511513,36,17.709159380834848,715.774,in_progress,0.0
223,36.0,6.981547343343827,2.290522123594073,125.83908689259673,30.0,1.7387794447419584,[30.0 1.7387794447419584],1614.5678491929364,False,True,15.971800547455167,37,17.709159380834848,715.84,in_progress,0.0
223,37.0,6.881539804576217,2.354406338374503,137.15194828777942,30.0,4.0,[30.0 4.0],1710.631906338782,False,True,16.70631906338782,37,17.709159380834848,715.91,in_progress,0.0
223,38.0,6.780691838969228,2.4010409638103107,147.4802056517169,-19.134215629584524,2.626660500194099,[-19.134215629584524 2.626660500194099],1768.4804712693801,False,True,17.422138662674392,38,17.709159380834848,715.968,in_progress,0.0
223,39.0,6.662983996459281,2.447814918574507,158.94024155962168,10.23105169768683,1.527216393168946,[10.23105169768683 1.527216393168946],1843.7609496849173,False,True,18.28488785753228,39,17.709159380834848,716.04,in_progress,0.0
223,40.0,6.553207249434889,2.5009199020613773,164.97029655388104,-20.00161656470071,1.0,[-20.00161656470071 1.0],1925.1033863434325,False,True,19.151033863434325,40,17.709159380834848,716.104,in_progress,0.0
223,41.0,6.45412867495885,2.545704706016014,168.684728606864,-8.690234182754281,1.0,[-8.690234182754281 1.0],2003.237962426719,False,True,19.93237962426719,41,17.709159380834848,716.173,in_progress,0.0
223,42.0,6.363872371221475,2.5822239276978185,171.01751310939682,30.0,1.3569412451127578,[30.0 1.3569412451127578],2060.8803289500406,False,True,20.47310916498913,42,17.709159380834848,716.244,in_progress,0.0
223,43.0,6.267046001298808,2.6099883418402983,171.95081679356227,2.899781963239363,1.0,[2.899781963239363 1.0],2126.388770079699,False,True,21.16388770079699,43,17.709159380834848,716.31,in_progress,0.0
223,44.0,6.179976841584052,2.617872183070081,173.5881720616397,-15.939532669686509,4.0,[-15.939532669686509 4.0],2209.804343021655,False,True,21.69804343021655,43,17.709159380834848,716.376,in_progress,0.0
223,45.0,6.084863569186622,2.621700854875615,175.12992142447507,30.0,1.4860098319435076,[30.0 1.4860098319435076],2238.407605951012,False,True,22.23547507631577,44,17.709159380834848,716.422,in_progress,0.0
223,46.0,5.950750662145408,2.630472807251084,175.83878896872926,30.0,3.8825255305925217,[30.0 3.8825255305925217],2340.6643854366353,False,True,23.0183913013071,45,17.709159380834848,716.507,in_progress,0.0
223,47.0,5.881966354365011,2.625363642816594,178.18331464017655,-30.0,2.325949304218888,[-30.0 2.325949304218888],2363.9995096965563,False,True,23.407400166543674,45,17.709159380834848,716.572,in_progress,0.0
223,48.0,5.773073038823172,2.6194032348820735,-178.64985489812997,-16.690312028831716,1.0,[-16.690312028831716 1.0],2412.1867312344575,False,True,24.021867312344575,46,17.709159380834848,716.642,in_progress,0.0
223,49.0,5.66687527039996,2.6283686375571986,179.37379633178523,-17.396449964073756,1.5155491889092476,[-17.396449964073756 1.5155491889092476],2477.2677016774223,False,True,24.6211220978833,47,17.709159380834848,716.705,in_progress,0.0
223,50.0,5.5674208955866655,2.6427962308220305,176.51897154075687,13.597806923984201,1.2403158248974306,[13.597806923984201 1.2403158248974306],2530.3052231448005,False,True,25.17902064895826,47,17.709159380834848,716.787,in_progress,0.0
223,51.0,5.4549783099274665,2.6510372847100214,176.42077428318862,-30.0,1.0,[-30.0 1.0],2591.393617753701,False,True,25.813936177537013,48,17.709159380834848,716.843,in_progress,0.0
223,52.0,5.3717919484784735,2.6514091213195763,177.48330324672088,-30.0,4.0,[-30.0 4.0],2668.3660597197018,False,True,26.283660597197017,49,17.709159380834848,716.906,in_progress,0.0
223,53.0,5.2968574187055095,2.657789616395888,176.95492715104936,21.08836388690483,3.789101344955381,[21.08836388690483 3.789101344955381],2709.5961725223574,False,True,26.717051590728037,49,17.709159380834848,716.977,in_progress,0.0
223,54.0,5.204300036420865,2.659835155318953,178.1413573421222,13.081726548906389,1.4614830977225675,[13.081726548906389 1.4614830977225675],2738.550262766362,False,True,27.23935431789136,50,17.709159380834848,717.021,in_progress,0.0
223,55.0,5.089602804101419,2.6387929942668045,-176.74517628010372,2.5402214456909533,1.0,[2.5402214456909533 1.0],2797.1071511350356,False,True,27.871071511350355,51,17.709159380834848,717.105,in_progress,0.0
223,56.0,5.00706230569128,2.619580086061049,-173.43447179558663,-30.0,4.0,[-30.0 4.0],2863.754186960264,False,True,28.23754186960264,51,17.709159380834848,717.174,in_progress,0.0
223,57.0,4.9016779636866366,2.5995992335225933,-171.98532483320813,-6.399458375607448,2.5318572362484852,[-6.399458375607448 2.5318572362484852],2906.7316957379066,False,True,28.81413123375422,52,17.709159380834848,717.243,in_progress,0.0
223,58.0,4.799155579394595,2.5937469416422636,-173.7908608613292,-30.0,4.0,[-30.0 4.0],2964.7064847094694,False,True,29.247064847094695,52,17.709159380834848,717.308,in_progress,0.0
223,59.0,4.665934925542539,2.599272853234174,-178.04725542563793,12.12568359358751,4.0,[12.12568359358751 4.0],3030.789083722231,False,True,29.90789083722231,53,17.709159380834848,717.374,in_progress,0.0
223,60.0,4.535383818886043,2.6156533656449374,177.36456248808338,30.0,2.557671701514824,[30.0 2.557671701514824],3075.9528066990606,False,True,30.503760896839122,54,17.709159380834848,717.443,in_progress,0.0
223,61.0,4.380002281144761,2.620534395327975,176.95868223540998,4.653750858749824,2.3798410480608494,[4.653750858749824 2.3798410480608494],3123.879222295827,False,True,31.00080811815218,54,17.709159380834848,717.494,in_progress,0.0
223,62.0,4.243762593820652,2.6115107372984547,-179.80538932218684,-17.460521712451964,2.8816503641384585,[-17.460521712451964 2.8816503641384585],0.0,False,False,31.596410360014122,55,17.709159380834848,717.576,in_progress,0.0
223,63.0,4.087555865550441,2.603421821269477,-178.4610623319433,29.565492137266602,1.8560764348419312,[29.565492137266602 1.8560764348419312],0.0,False,False,31.860132974706556,55,17.709159380834848,717.636,in_progress,0.0
223,64.0,3.936646380316154,2.6015173153088726,-178.82207970290006,13.222578642607651,3.378196125869652,[13.222578642607651 3.378196125869652],0.0,True,False,32.44919960112881,56,17.709159380834848,717.707,off_track,0.0
224,1.0,6.726456117589949,0.7974481254540104,19.360227355406096,20.410992062211733,3.0409699551470517,[20.410992062211733 3.0409699551470517],0.0,False,True,0.7848817538024522,25,17.709159380834848,717.842,prepare,0.0
224,2.0,6.726269746928144,0.7972396038639673,19.31671837420841,30.0,1.5924019834396117,[30.0 1.5924019834396117],94.26298695184393,False,True,0.7833896711744781,25,17.709159380834848,717.913,in_progress,0.0
224,3.0,6.735735912955561,0.8063432291911236,20.42615020607734,30.0,1.8476272979659667,[30.0 1.8476272979659667],103.98548211696215,False,True,0.8550920913730248,25,17.709159380834848,717.968,in_progress,0.0
224,4.0,6.747297077492958,0.824592611134753,23.635684164429982,30.0,4.0,[30.0 4.0],136.22383664522198,False,True,0.9622383664522199,25,17.709159380834848,718.041,in_progress,0.0
224,5.0,6.768465110230099,0.8625232559772429,29.855618287424388,30.0,1.0,[30.0 1.0],128.2278808567075,False,True,1.1822788085670748,25,17.709159380834848,718.131,in_progress,0.0
224,6.0,6.797265591588544,0.9385092015625819,41.414257406910636,30.0,1.8655408760829322,[30.0 1.8655408760829322],174.59374608114092,False,True,1.559383373203116,25,17.709159380834848,718.174,in_progress,0.0
224,7.0,6.8059758650244255,0.9729897081034666,46.26876587249877,-30.0,1.4212013221075364,[-30.0 1.4212013221075364],185.23426610979266,False,True,1.710222528887173,26,17.709159380834848,718.224,in_progress,0.0
224,8.0,6.8264267799263,1.0334474221402883,52.896710841812464,14.527891962117707,1.0,[14.527891962117707 1.0],219.04938517015745,False,True,2.0904938517015745,26,17.709159380834848,718.306,in_progress,0.0
224,9.0,6.852970601804378,1.0959413313187645,56.63404699389302,30.0,1.0,[30.0 1.0],253.72649064684006,False,True,2.4372649064684007,27,17.709159380834848,718.375,in_progress,0.0
224,10.0,6.873615830663748,1.1636024064829742,61.12373662105778,-19.380826909316458,1.0,[-19.380826909316458 1.0],309.8811483159855,False,True,2.998811483159855,27,17.709159380834848,718.441,in_progress,0.0
224,11.0,6.891805646969488,1.2266839638052032,64.46405570585489,-30.0,2.2354956280365252,[-30.0 2.2354956280365252],356.9326473285967,False,True,3.3457769104823147,28,17.709159380834848,718.524,in_progress,0.0
224,12.0,6.946098201929627,1.3206975322752672,62.53345013914329,-0.6793834829150605,1.0,[-0.6793834829150605 1.0],422.348940969297,False,True,4.12348940969297,29,17.709159380834848,718.576,in_progress,0.0
224,13.0,6.979681595131178,1.3664388470779116,60.40953249015873,19.74128114758119,1.9951877400736666,[19.74128114758119 1.9951877400736666],464.08875565148406,False,True,4.441368782507474,29,17.709159380834848,718.623,in_progress,0.0
224,14.0,7.020211495244163,1.4482328340723578,61.70241138907173,28.109738223132823,2.852925083281674,[28.109738223132823 2.852925083281674],537.8637504363766,False,True,5.093344996035598,30,17.709159380834848,718.711,in_progress,0.0
224,15.0,7.045338154522808,1.5288420733436283,65.31129548573708,20.149619127402197,2.7269173495861545,[20.149619127402197 2.7269173495861545],598.0503507477372,False,True,5.707811772518756,30,17.709159380834848,718.775,in_progress,0.0
224,16.0,7.061462654482751,1.6526661631209683,73.06419026474887,30.0,1.0,[30.0 1.0],675.6605279821409,False,True,6.6566052798214095,31,17.709159380834848,718.84,in_progress,0.0
224,17.0,7.0597736610480775,1.7599411948289558,81.4173978436993,18.488083622231308,1.4004081560229418,[18.488083622231308 1.4004081560229418],764.5677063939827,False,True,7.505636248337533,32,17.709159380834848,718.904,in_progress,0.0
224,18.0,7.05026173369551,1.8472506441857783,88.07866308755044,-2.5366743572574144,4.0,[-2.5366743572574144 4.0],851.3953243109663,False,True,8.113953243109663,33,17.709159380834848,718.974,in_progress,0.0
224,19.0,7.036665146667425,1.9571862462985787,91.73053039554095,30.0,1.5111081457964548,[30.0 1.5111081457964548],902.6374800357488,False,True,8.875263985777842,34,17.709159380834848,719.037,in_progress,0.0
224,20.0,7.009512736974927,2.1171040450451315,95.98768328226166,-0.8159991963012061,1.0,[-0.8159991963012061 1.0],1003.1855698726831,False,True,9.931855698726832,35,17.709159380834848,719.104,in_progress,0.0
224,21.0,6.9956344071419805,2.1776566682361578,97.77556847147102,30.0,1.8895320078334379,[30.0 1.8895320078334379],1045.9608363169305,False,True,10.27065516238596,36,17.709159380834848,719.178,in_progress,0.0
224,22.0,6.969589430138411,2.2749692937620383,100.62217482438119,-8.133028220696197,3.1798084520644814,[-8.133028220696197 3.1798084520644814],1126.0776444641199,False,True,10.942795599434751,37,17.709159380834848,719.244,in_progress,0.0
224,23.0,6.9325084433455375,2.396003153107644,103.27311181085406,2.527268501799192,1.4388544500746616,[2.527268501799192 1.4388544500746616],1181.3659855304356,False,True,11.66977441029689,37,17.709159380834848,719.304,in_progress,0.0
224,24.0,6.899292323404286,2.5061724753865393,104.44918009736952,23.3501078455256,1.0,[23.3501078455256 1.0],1235.5364576194856,False,True,12.255364576194856,38,17.709159380834848,719.374,in_progress,0.0
224,25.0,6.861086174167324,2.6050854286524014,107.0258819304905,15.292333975471578,1.0,[15.292333975471578 1.0],1286.7656773768372,False,True,12.76765677376837,39,17.709159380834848,719.441,in_progress,0.0
224,26.0,6.814345148078472,2.7033760700517027,110.40193584932703,30.0,4.0,[30.0 4.0],1363.8147453223587,False,True,13.238147453223586,39,17.709159380834848,719.506,in_progress,0.0
224,27.0,6.767523278325303,2.7800364945126566,114.39855706301792,30.0,4.0,[30.0 4.0],1407.9433408276193,False,True,13.679433408276193,40,17.709159380834848,719.572,in_progress,0.0
224,28.0,6.701417150563078,2.857365915228624,120.53045750213288,21.188462201069314,2.940132873608064,[21.188462201069314 2.940132873608064],1435.931299425554,False,True,14.065299706894734,40,17.709159380834848,719.641,in_progress,0.0
224,29.0,6.611988992449488,2.934175478499894,128.85652841281131,30.0,3.802069332251366,[30.0 3.802069332251366],1506.9694509323194,False,True,14.68948757609806,41,17.709159380834848,719.704,in_progress,0.0
224,30.0,6.500568986562203,3.0062699247987505,138.57293361302638,19.45592899549522,3.496477953707263,[19.45592899549522 3.496477953707263],1554.8476126467403,False,True,15.198828331096676,42,17.709159380834848,719.768,in_progress,0.0
224,31.0,6.338427164268385,3.0825393653761,151.87274274476727,-30.0,4.0,[-30.0 4.0],1634.4918752615922,False,True,15.944918752615923,42,17.709159380834848,719.842,in_progress,0.0
224,32.0,6.225790860324213,3.128553218650887,159.67439953488142,11.169892517039237,1.0,[11.169892517039237 1.0],0.0,False,False,16.503085220966252,43,17.709159380834848,719.908,in_progress,0.0
224,33.0,6.079434219411134,3.200765619111183,164.52722069230006,-12.74820450527217,1.0,[-12.74820450527217 1.0],0.0,False,False,17.285870216197825,44,17.709159380834848,719.973,in_progress,0.0
224,34.0,5.972091535345306,3.2428501204476827,168.12389568990776,21.00457331652089,3.0489857147661734,[21.00457331652089 3.0489857147661734],0.0,False,False,17.869049920949564,45,17.709159380834848,720.039,in_progress,0.0
224,35.0,5.846010082549351,3.28196078511883,172.81585205225736,28.642502897339213,1.0276005809743884,[28.642502897339213 1.0276005809743884],0.0,True,False,18.577845685457877,46,17.709159380834848,720.115,off_track,0.0
225,1.0,7.257856566175618,1.4836789831338486,67.57295961844791,-9.156947717794274,1.0,[-9.156947717794274 1.0],0.0,False,True,0.7884418944154536,30,17.709159380834848,720.238,prepare,0.0
225,2.0,7.2578840029060805,1.483549489981428,67.53121412213466,30.0,3.210704080605703,[30.0 3.210704080605703],110.88506854983143,False,True,0.787780277437744,30,17.709159380834848,720.302,in_progress,0.0
225,3.0,7.261530264620979,1.492744285821957,67.5220738915506,30.0,1.0,[30.0 1.0],94.33425067025158,False,True,0.8433425067025158,31,17.709159380834848,720.372,in_progress,0.0
225,4.0,7.264399908206341,1.5148519334813135,68.80043257211393,30.0,2.9442813559032937,[30.0 2.9442813559032937],126.23144262734303,False,True,0.967886290683101,31,17.709159380834848,720.44,in_progress,0.0
225,5.0,7.260169963338946,1.5490972142779806,72.77566270599027,30.0,3.636743265657614,[30.0 3.636743265657614],151.11719326141093,False,True,1.1474976060483477,31,17.709159380834848,720.506,in_progress,0.0
225,6.0,7.245755292313723,1.6080370607360106,79.9866572597931,30.0,1.0,[30.0 1.0],158.3552944917632,False,True,1.4835529449176321,31,17.709159380834848,720.575,in_progress,0.0
225,7.0,7.223802807808672,1.6628623963954896,87.09942499422245,30.0,2.2691436714909825,[30.0 2.2691436714909825],200.98579951616492,False,True,1.782943628012551,32,17.709159380834848,720.642,in_progress,0.0
225,8.0,7.192245509894967,1.7250213736824842,95.08887859899806,7.005221818439104,1.5961650908925655,[7.005221818439104 1.5961650908925655],237.9715025548336,False,True,2.220098516459079,32,17.709159380834848,720.706,in_progress,0.0
225,9.0,7.157903681323778,1.8057139737062085,101.22891637321713,-5.771703107773138,1.0,[-5.771703107773138 1.0],279.5733471438672,False,True,2.695733471438672,33,17.709159380834848,720.776,in_progress,0.0
225,10.0,7.139684687322945,1.8758183758057485,102.17210611063327,8.41479487254211,2.8343908813937873,[8.41479487254211 2.8343908813937873],344.8403601112468,False,True,3.1649645129730897,33,17.709159380834848,720.836,in_progress,0.0
225,11.0,7.1191693047342355,1.9587463741726374,102.78962493344392,-30.0,4.0,[-30.0 4.0],404.71462098304596,False,True,3.64714620983046,34,17.709159380834848,720.907,in_progress,0.0
225,12.0,7.097946593348191,2.045037050692283,103.03499306993504,10.559189630077789,1.0,[10.559189630077789 1.0],433.11032551542223,False,True,4.231103255154222,35,17.709159380834848,720.97,in_progress,0.0
225,13.0,7.088613046710543,2.158760270393845,99.64114823355771,30.0,1.6284900474362916,[30.0 1.6284900474362916],509.3270839846201,False,True,4.930421835102572,35,17.709159380834848,721.042,in_progress,0.0
225,14.0,7.062054670706529,2.253339094264695,101.94321104758208,30.0,1.0889648683398976,[30.0 1.0889648683398976],558.1411777780479,False,True,5.47251529094649,36,17.709159380834848,721.105,in_progress,0.0
225,15.0,7.026590504273714,2.3358857490358083,105.79819955454163,30.0,2.010856293934389,[30.0 2.010856293934389],622.2729286513663,False,True,6.021643657120224,37,17.709159380834848,721.173,in_progress,0.0
225,16.0,6.978000357331549,2.4212834498627176,110.96347206595657,30.0,1.0,[30.0 1.0],668.9741592289639,False,True,6.589741592289639,37,17.709159380834848,721.241,in_progress,0.0
225,17.0,6.922193700554959,2.491276802252994,116.97013098429207,-1.552316782519565,1.0,[-1.552316782519565 1.0],719.2179682919464,False,True,7.092179682919464,38,17.709159380834848,721.303,in_progress,0.0
225,18.0,6.870903593226367,2.5538977130265423,121.28991865313105,6.919472483953172,2.8636887440285586,[6.919472483953172 2.8636887440285586],783.3384769033488,False,True,7.547015894630632,38,17.709159380834848,721.371,in_progress,0.0
225,19.0,6.817361353799708,2.6246844920250494,123.31326343303259,30.0,1.0,[30.0 1.0],813.068688738593,False,True,8.03068688738593,39,17.709159380834848,721.443,in_progress,0.0
225,20.0,6.753944114957911,2.69127617816757,126.65142174523619,30.0,1.8897022310685907,[30.0 1.8897022310685907],869.2143821139091,False,True,8.503173598032232,40,17.709159380834848,721.502,in_progress,0.0
225,21.0,6.695490314732637,2.740934952781481,130.56497089338126,30.0,1.0,[30.0 1.0],899.389320439437,False,True,8.89389320439437,40,17.709159380834848,721.574,in_progress,0.0
225,22.0,6.606320250293449,2.794766288132319,138.0428789322517,30.0,1.0,[30.0 1.0],954.6090041235161,False,True,9.446090041235161,41,17.709159380834848,721.624,in_progress,0.0
225,23.0,6.541099331042254,2.8250294212523404,142.82389416843967,30.0,1.0,[30.0 1.0],986.8706059294319,False,True,9.768706059294319,41,17.709159380834848,721.705,in_progress,0.0
225,24.0,6.474510687799141,2.849824427662031,147.3852180337556,30.0,2.2550510066532756,[30.0 2.2550510066532756],1039.0706131396248,False,True,10.16520103073092,42,17.709159380834848,721.773,in_progress,0.0
225,25.0,6.391135240509275,2.865385159347536,154.53410651794104,7.060315429247623,1.8238944416557024,[7.060315429247623 1.8238944416557024],1076.5199512740019,False,True,10.58281006857445,42,17.709159380834848,721.839,in_progress,0.0
225,26.0,6.299815179678425,2.881664349686022,159.80362040753977,30.0,4.0,[30.0 4.0],1148.4581705599855,False,True,11.084581705599856,43,17.709159380834848,721.907,in_progress,0.0
225,27.0,6.204068788068316,2.899485741346863,163.89197821655424,-30.0,3.725881732641483,[-30.0 3.725881732641483],1196.9739238501327,False,True,11.597151065237178,43,17.709159380834848,721.976,in_progress,0.0
225,28.0,6.104005874048421,2.9197036536897354,165.67625594823764,-4.704228267457044,2.789419128449353,[-4.704228267457044 2.789419128449353],1244.3511133651732,False,True,12.164569220806797,44,17.709159380834848,722.038,in_progress,0.0
225,29.0,5.9834639017356235,2.9628020504599286,163.09037571527887,-30.0,3.5757132869855552,[-30.0 3.5757132869855552],1317.5594058914548,False,True,12.818022730215993,45,17.709159380834848,722.106,in_progress,0.0
225,30.0,5.865798292148226,3.017686145271604,159.19650837752647,18.18069778646167,1.407891629682167,[18.18069778646167 1.407891629682167],1362.001411029524,False,True,13.479224947327022,45,17.709159380834848,722.168,in_progress,0.0
225,31.0,5.753277905826478,3.0798780616511707,153.97575598801077,30.0,2.546069659848052,[30.0 2.546069659848052],1436.753776748188,False,True,14.112930801497075,46,17.709159380834848,722.244,in_progress,0.0
225,32.0,5.603076095285303,3.140963477491911,155.7702116335568,3.557749623101685,2.9991255240027326,[3.557749623101685 2.9991255240027326],0.0,False,False,14.967227322789306,47,17.709159380834848,722.296,in_progress,0.0
225,33.0,5.4893408279312785,3.174664654690235,159.0014136408677,30.0,3.697170617116257,[30.0 3.697170617116257],0.0,False,False,15.608755245380706,48,17.709159380834848,722.378,in_progress,0.0
225,34.0,5.334107411479735,3.2095628392278464,163.84223664664864,-20.271212749672404,2.923862337242655,[-20.271212749672404 2.923862337242655],0.0,False,False,16.484017055215876,49,17.709159380834848,722.443,in_progress,0.0
225,35.0,5.182058959509574,3.2368984968267176,168.28596805769345,27.909907661133396,4.0,[27.909907661133396 4.0],0.0,False,False,17.297643022264026,50,17.709159380834848,722.508,in_progress,0.0
225,36.0,5.020772920579777,3.267093700125787,169.7898232402755,7.20896813520968,1.1623590064122513,[7.20896813520968 1.1623590064122513],0.0,True,False,18.612366346896813,51,17.709159380834848,722.577,off_track,0.0
226,1.0,7.0900079615551475,2.332282342967111,117.92243374459768,-30.0,1.0,[-30.0 1.0],0.0,False,True,0.7886086067147302,36,17.709159380834848,722.704,prepare,0.0
226,2.0,7.090189558990918,2.3320076142132757,117.93516785692194,30.0,3.5685174370042,[30.0 3.5685174370042],114.36048239039096,False,True,0.7867530802034894,36,17.709159380834848,722.775,in_progress,0.0
226,3.0,7.087943751906083,2.338807233423636,117.71915913659568,-2.748981510219277,1.417404620939999,[-2.748981510219277 1.417404620939999],96.67291667055954,False,True,0.8249887046115956,36,17.709159380834848,722.84,in_progress,0.0
226,4.0,7.0795264953763795,2.352426206049435,117.99711481406116,15.787147848140236,1.0,[15.787147848140236 1.0],101.49714929375664,False,True,0.9149714929375663,36,17.709159380834848,722.908,in_progress,0.0
226,5.0,7.0596529410488875,2.376389622550919,119.48657491820067,8.35612182271371,1.4185410356046133,[8.35612182271371 1.4185410356046133],123.2467196547392,False,True,1.0906130929869307,37,17.709159380834848,722.972,in_progress,0.0
226,6.0,7.02408163940937,2.407293527595619,123.18119838658704,30.0,1.0626246553840535,[30.0 1.0626246553840535],145.64508377016855,False,True,1.3501883721632801,37,17.709159380834848,723.042,in_progress,0.0
226,7.0,6.977328944928007,2.4360296584889785,128.61559369505673,30.0,1.0,[30.0 1.0],175.14354226193683,False,True,1.6514354226193684,37,17.709159380834848,723.108,in_progress,0.0
226,8.0,6.9148650998110535,2.4589941745560338,136.61594079743065,30.0,3.5501752870258425,[30.0 3.5501752870258425],234.7184061217051,False,True,1.9921665325144666,38,17.709159380834848,723.176,in_progress,0.0
226,9.0,6.846810895202161,2.474169531187387,145.23619920508628,30.0,2.040090328140493,[30.0 2.040090328140493],258.33125776354416,False,True,2.3793035448213926,38,17.709159380834848,723.243,in_progress,0.0
226,10.0,6.7584023716780965,2.473875393703904,157.452737920812,30.0,2.6816351403001155,[30.0 2.6816351403001155],304.1421356984891,False,True,2.7732578429548793,39,17.709159380834848,723.309,in_progress,0.0
226,11.0,6.6592551259846,2.455285569008029,170.6099431098897,-30.0,1.0,[-30.0 1.0],342.3774457073275,False,True,3.3237744570732755,39,17.709159380834848,723.379,in_progress,0.0
226,12.0,6.5622504751450235,2.4345914836209297,-177.76124003777826,25.132651505452145,1.0,[25.132651505452145 1.0],384.59510664092477,False,True,3.7459510664092477,40,17.709159380834848,723.443,in_progress,0.0
226,13.0,6.485639699546504,2.419732019517259,-171.32752344290824,-30.0,3.4758491678575125,[-30.0 3.4758491678575125],469.71778578472544,False,True,4.349592941061503,41,17.709159380834848,723.508,in_progress,0.0
226,14.0,6.407226807600813,2.3994929727021748,-169.02477481680882,15.838015063648598,1.0,[15.838015063648598 1.0],0.0,False,False,5.025672467020669,41,17.709159380834848,723.572,in_progress,0.0
226,15.0,6.31878838879412,2.3904413899711665,-170.70504097761855,30.0,1.8775737349383606,[30.0 1.8775737349383606],0.0,False,False,5.7873042669888015,42,17.709159380834848,723.643,in_progress,0.0
226,16.0,6.226523022768746,2.3663816362661887,-168.7674444417578,30.0,1.0,[30.0 1.0],0.0,False,False,6.29775389194398,43,17.709159380834848,723.716,in_progress,0.0
226,17.0,6.14127565191049,2.328478412603373,-164.32384384382584,-30.0,1.0,[-30.0 1.0],0.0,False,False,6.880440905527513,44,17.709159380834848,723.776,in_progress,0.0
226,18.0,6.066750877596371,2.299012438397731,-162.34706386425415,19.032414367810475,4.0,[19.032414367810475 4.0],0.0,False,False,7.37899370172358,44,17.709159380834848,723.839,in_progress,0.0
226,19.0,5.983962887546718,2.2740502260490043,-162.36332221921145,30.0,1.0,[30.0 1.0],0.0,False,False,7.847639806164536,45,17.709159380834848,723.903,in_progress,0.0
226,20.0,5.90576388649721,2.2358055018948075,-159.50760517092883,27.005861768721616,3.123695844461099,[27.005861768721616 3.123695844461099],0.0,True,False,8.29235780931889,45,17.709159380834848,723.974,off_track,0.0
227,1.0,6.3442747251018385,2.76708943718988,168.39226107983941,-30.0,1.0,[-30.0 1.0],0.0,False,True,0.7897119387540841,42,17.709159380834848,724.1,prepare,0.0
227,2.0,6.3444547645504965,2.7670733291928795,168.3915256627548,-0.7386376046548797,4.0,[-0.7386376046548797 4.0],118.86914472193418,False,True,0.7886914472193418,42,17.709159380834848,724.174,in_progress,0.0
227,3.0,6.341864716930545,2.767613518264031,168.35304319487707,-20.75408743809812,1.0,[-20.75408743809812 1.0],90.34917943385899,False,True,0.80349179433859,42,17.709159380834848,724.252,in_progress,0.0
227,4.0,6.323905898036594,2.7783310484642745,166.68067651440433,30.0,3.3747131313272387,[30.0 3.3747131313272387],124.62877071874861,False,True,0.9088163940547622,42,17.709159380834848,724.305,in_progress,0.0
227,5.0,6.301437005972232,2.789091652165573,165.62432097976634,-9.753262779988066,1.7451199510335345,[-9.753262779988066 1.7451199510335345],121.40770813947809,False,True,1.0395650862914274,43,17.709159380834848,724.375,in_progress,0.0
227,6.0,6.25940931862471,2.8034561234709363,164.50223964886538,-2.685318796619395,1.5892699888701785,[-2.685318796619395 1.5892699888701785],144.08216362709027,False,True,1.2818946373838846,43,17.709159380834848,724.443,in_progress,0.0
227,7.0,6.216428868005206,2.8225824332507594,162.8861366043379,11.569719497324307,1.0,[11.569719497324307 1.0],161.77835252356553,False,True,1.5177835252356553,43,17.709159380834848,724.507,in_progress,0.0
227,8.0,6.160514898795012,2.84334321739034,162.0684720906339,-12.756855585325255,1.0,[-12.756855585325255 1.0],193.6030111188236,False,True,1.836030111188236,43,17.709159380834848,724.575,in_progress,0.0
227,9.0,6.091954950160451,2.870570233413565,160.97570375090226,11.795442942663584,1.2292426167650092,[11.795442942663584 1.2292426167650092],234.9399132195525,False,True,2.226474870519024,44,17.709159380834848,724.619,in_progress,0.0
227,10.0,5.999549234113318,2.899560929195829,161.71284435043964,30.0,1.0,[30.0 1.0],283.01734538132393,False,True,2.730173453813239,45,17.709159380834848,724.68,in_progress,0.0
227,11.0,5.949507075942493,2.907887087853472,163.42966244837956,16.004572283914136,1.750087121918205,[16.004572283914136 1.750087121918205],318.735807387584,False,True,3.012349361684019,45,17.709159380834848,724.77,in_progress,0.0
227,12.0,5.865847397621198,2.912353945524918,167.65981868440315,-6.8762051422817265,3.3273123947380374,[-6.8762051422817265 3.3273123947380374],381.6906134503399,False,True,3.4841748950295957,45,17.709159380834848,724.839,in_progress,0.0
227,13.0,5.770082350696197,2.9171228194011882,171.10237657454473,21.069354149850803,4.0,[21.069354149850803 4.0],442.53632356735017,False,True,4.025363235673502,46,17.709159380834848,724.904,in_progress,0.0
227,14.0,5.665275548772529,2.918398437096429,174.51262668015525,-30.0,1.0,[-30.0 1.0],471.7109651556861,False,True,4.617109651556861,47,17.709159380834848,724.973,in_progress,0.0
227,15.0,5.544763908271567,2.9148029781963967,179.03627783079628,22.45707103874546,2.3649078661713254,[22.45707103874546 2.3649078661713254],553.7740191600437,False,True,5.301249404983305,48,17.709159380834848,725.041,in_progress,0.0
227,16.0,5.4437808330956186,2.9129543027345792,-178.62996969059165,9.306210641255305,2.5588404845617805,[9.306210641255305 2.5588404845617805],612.7212632926842,False,True,5.871328584470664,48,17.709159380834848,725.105,in_progress,0.0
227,17.0,5.322060205547087,2.8899070468533963,-174.30973895917342,21.02050333586628,1.0,[21.02050333586628 1.0],664.770617315879,False,True,6.54770617315879,49,17.709159380834848,725.174,in_progress,0.0
227,18.0,5.226990402299816,2.858086431875023,-169.48926282804894,-30.0,2.9608173871281473,[-30.0 2.9608173871281473],738.4222934398302,False,True,7.088141195685488,50,17.709159380834848,725.255,in_progress,0.0
227,19.0,5.0958982626245755,2.8208483012923184,-167.34925604751524,-3.26907787165754,1.0,[-3.26907787165754 1.0],794.0725286693173,False,True,7.840725286693173,51,17.709159380834848,725.306,in_progress,0.0
227,20.0,4.993965246526368,2.8089305354418315,-169.82559843469457,0.11531897483705222,1.0,[0.11531897483705222 1.0],854.3007289465154,False,True,8.443007289465154,51,17.709159380834848,725.362,in_progress,0.0
227,21.0,4.886722790025108,2.801184248830541,-172.2239416529992,-30.0,1.0,[-30.0 1.0],913.8542523579512,False,True,9.038542523579512,52,17.709159380834848,725.44,in_progress,0.0
227,22.0,4.797888001839769,2.799345213033143,-174.46475826578475,-23.168147890999755,1.0,[-23.168147890999755 1.0],963.4385591789368,False,True,9.534385591789368,53,17.709159380834848,725.51,in_progress,0.0
227,23.0,4.707883577510117,2.7996490445799678,-176.37496144867168,-12.00400702131817,2.420838897646598,[-12.00400702131817 2.420838897646598],1024.5430807845257,False,True,10.003346918080597,53,17.709159380834848,725.572,in_progress,0.0
227,24.0,4.637797654956816,2.8053007477247403,-178.65558074062992,-26.464716500748317,3.929310235148664,[-26.464716500748317 3.929310235148664],1077.3951359365872,False,True,10.381020335851005,54,17.709159380834848,725.641,in_progress,0.0
227,25.0,4.534586669554555,2.8325832496967007,174.88791839967908,-30.0,2.6502403872992746,[-30.0 2.6502403872992746],1117.4778532296182,False,True,10.909754493566254,54,17.709159380834848,725.73,in_progress,0.0
227,26.0,4.407351432627813,2.897085772968293,163.32511363298812,-30.0,1.586246021002626,[-30.0 1.586246021002626],1178.801207681687,False,True,11.629387474716607,55,17.709159380834848,725.776,in_progress,0.0
227,27.0,4.3385819264145,2.9441921957795256,156.50719186278886,-21.497009101383565,2.004437931673487,[-21.497009101383565 2.004437931673487],1229.63616063054,False,True,12.095917813138051,56,17.709159380834848,725.847,in_progress,0.0
227,28.0,4.243449735873981,3.0244742761882186,146.61440653660486,-30.0,2.2359494901036734,[-30.0 2.2359494901036734],1297.1874960213156,False,True,12.74828001120279,56,17.709159380834848,725.908,in_progress,0.0
227,29.0,4.168888146860337,3.103440337352251,138.77666000025397,-30.0,1.0,[-30.0 1.0],1342.2424976489117,False,True,13.322424976489117,57,17.709159380834848,725.97,in_progress,0.0
227,30.0,4.087931692338196,3.212185712242528,127.81256538543447,-10.440008263852125,1.2571602307380338,[-10.440008263852125 1.2571602307380338],1421.2722184479273,False,True,14.08700616140547,58,17.709159380834848,726.031,in_progress,0.0
227,31.0,4.041012257546601,3.283472806003547,122.44970351885549,9.102834480581272,3.348157840864331,[9.102834480581272 3.348157840864331],1489.3353043234042,False,True,14.558537259147608,58,17.709159380834848,726.11,in_progress,0.0
227,32.0,3.982817703347926,3.3732127010018584,119.58151690753492,-26.235606934959705,3.0297438320711856,[-26.235606934959705 3.0297438320711856],1546.6786879389524,False,True,15.163812496182405,59,17.709159380834848,726.174,in_progress,0.0
227,33.0,3.9331675476166175,3.453819294679041,119.19510309850847,19.959083734474866,1.1723614365493726,[19.959083734474866 1.1723614365493726],1581.0919141651386,False,True,15.69368299799645,60,17.709159380834848,726.241,in_progress,0.0
227,34.0,3.8794205064350664,3.554222897867918,118.41830388340125,1.2741628414715258,1.0,[1.2741628414715258 1.0],1642.446833565222,False,True,16.32446833565222,61,17.709159380834848,726.306,in_progress,0.0
227,35.0,3.8283449064988413,3.641023894910986,119.15144172220977,27.10024025944883,1.9262693793040815,[27.10024025944883 1.9262693793040815],1707.9159119230605,False,True,16.886532181300197,61,17.709159380834848,726.375,in_progress,0.0
227,36.0,3.7783548738754282,3.7168774964311804,120.63776194489324,17.002000634603853,4.0,[17.002000634603853 4.0],1779.6908658702803,False,True,17.396908658702802,62,17.709159380834848,726.44,in_progress,0.0
227,37.0,3.703884042857604,3.8028128522214613,124.97738841558416,-23.81115335602305,1.4974303428955977,[-23.81115335602305 1.4974303428955977],1818.8518558480469,False,True,18.03877552419091,63,17.709159380834848,726.508,in_progress,0.0
227,38.0,3.63098911983406,3.8832598239913003,128.74709722286946,30.0,3.414279739613679,[30.0 3.414279739613679],1899.251536836903,False,True,18.65108739440766,63,17.709159380834848,726.575,in_progress,0.0
227,39.0,3.552058113656891,3.978378097247468,129.8627365900993,30.0,1.0,[30.0 1.0],1944.8362757189384,False,True,19.348362757189385,64,17.709159380834848,726.643,in_progress,0.0
227,40.0,3.4732511177083807,4.055746197313113,132.67226505039216,-1.4396387395454084,1.0,[-1.4396387395454084 1.0],2006.7970870753436,False,True,19.967970870753437,65,17.709159380834848,726.708,in_progress,0.0
227,41.0,3.397819288898191,4.127838259507084,134.15936497037328,30.0,3.7183681355526113,[30.0 3.7183681355526113],2092.3759190363703,False,True,20.55192237680844,66,17.709159380834848,726.773,in_progress,0.0
227,42.0,3.3176110280268234,4.206265755116653,135.07561904194014,-28.2254679110402,1.802081919963734,[-28.2254679110402 1.802081919963734],2141.589602340143,False,True,21.23568783140506,66,17.709159380834848,726.844,in_progress,0.0
227,43.0,3.2381747902825158,4.273613339705167,137.34835374496961,30.0,3.3332720181571043,[30.0 3.3332720181571043],2223.4665204567455,False,True,21.901338002751746,67,17.709159380834848,726.91,in_progress,0.0
227,44.0,3.1559689940821194,4.3482794947257535,137.64823453414223,30.0,1.0,[30.0 1.0],2261.8353347319153,False,True,22.518353347319152,68,17.709159380834848,726.973,in_progress,0.0
227,45.0,3.0641513785845316,4.412297625019995,140.82146088927126,30.0,1.089282657086821,[30.0 1.089282657086821],2328.129530666134,False,True,23.172367040952658,69,17.709159380834848,727.034,in_progress,0.0
227,46.0,2.9613260628673905,4.471425983279148,144.86870745180863,-30.0,4.0,[-30.0 4.0],2426.2375586716557,False,True,23.862375586716556,69,17.709159380834848,727.107,in_progress,0.0
227,47.0,2.9076545485339844,4.500325426172772,146.34804753376298,30.0,1.4871100843750757,[30.0 1.4871100843750757],2434.007632080871,False,True,24.191365312371204,70,17.709159380834848,727.17,in_progress,0.0
227,48.0,2.821186284274384,4.537866395818285,149.81314550800505,30.0,1.0,[30.0 1.0],2476.012505430172,False,True,24.66012505430172,71,17.709159380834848,727.24,in_progress,0.0
227,49.0,2.726558332047814,4.560505328030019,156.03502689699212,30.0,1.5107525637429338,[30.0 1.5107525637429338],2536.282306192709,False,True,25.211747805552797,71,17.709159380834848,727.305,in_progress,0.0
227,50.0,2.6530110081185803,4.567403937433193,161.34967328086387,26.19042129179894,2.1346900736763077,[26.19042129179894 2.1346900736763077],2584.109614296424,False,True,25.627627135596608,72,17.709159380834848,727.376,in_progress,0.0
227,51.0,2.542388168332953,4.558494700713541,170.6929313128149,30.0,1.0,[30.0 1.0],2634.6626333407307,False,True,26.246626333407306,72,17.709159380834848,727.437,in_progress,0.0
227,52.0,2.4566975633566264,4.536743051046123,179.3597695569464,23.164564252307628,3.047958958727489,[23.164564252307628 3.047958958727489],2703.505484350726,False,True,26.73025894763451,73,17.709159380834848,727.507,in_progress,0.0
227,53.0,2.3771068762612964,4.50792096634945,-173.02881135524513,3.521067823991885,2.4412343788285846,[3.521067823991885 2.4412343788285846],2742.11394001355,False,True,27.17701596225264,73,17.709159380834848,727.577,in_progress,0.0
227,54.0,2.27759161316991,4.467604401774357,-166.13948996224767,-30.0,1.0,[-30.0 1.0],2784.647307387718,False,True,27.746473073877176,74,17.709159380834848,727.637,in_progress,0.0
227,55.0,2.1825089240403246,4.435028241291198,-163.1023673634598,30.0,1.3631407800157418,[30.0 1.3631407800157418],2842.5545709304843,False,True,28.28923163130327,75,17.709159380834848,727.705,in_progress,0.0
227,56.0,2.0987294173450697,4.408962865135979,-162.67249248159288,-29.990829544530463,1.0,[-29.990829544530463 1.0],2886.4188822125325,False,True,28.764188822125327,75,17.709159380834848,727.775,in_progress,0.0
227,57.0,2.0114166775389295,4.377266120106948,-161.713053301566,26.29863823183385,3.740848126906573,[26.29863823183385 3.740848126906573],2963.597561901811,False,True,29.26189080632745,76,17.709159380834848,727.84,in_progress,0.0
227,58.0,1.889099220014635,4.322876629035714,-158.25101775296278,-30.0,4.0,[-30.0 4.0],3036.085091523827,False,True,29.960850915238268,77,17.709159380834848,727.909,in_progress,0.0
227,59.0,1.8279523368000057,4.285497872469336,-155.69559761473394,30.0,2.6570946033923417,[30.0 2.6570946033923417],3058.353621692861,False,True,30.317826756589373,77,17.709159380834848,727.969,in_progress,0.0
227,60.0,1.718991929334955,4.225595606078564,-153.7479000569009,-9.879287724884325,1.0,[-9.879287724884325 1.0],3104.38759811002,False,True,30.9438759811002,78,17.709159380834848,728.043,in_progress,0.0
227,61.0,1.6305079308971098,4.171617206074958,-151.45899832094887,4.899578917862662,1.1809252080280621,[4.899578917862662 1.1809252080280621],3158.5470079861857,False,True,31.467377559059052,78,17.709159380834848,728.111,in_progress,0.0
227,62.0,1.5402651163088843,4.122953674879383,-151.3957589359844,-30.0,1.7987959199769672,[-30.0 1.7987959199769672],0.0,False,False,32.04473730441576,79,17.709159380834848,728.175,in_progress,0.0
227,63.0,1.443196110716089,4.084108104545807,-154.19569686535905,-30.0,1.0,[-30.0 1.0],0.0,False,False,33.03043082032172,80,17.709159380834848,728.241,in_progress,0.0
227,64.0,1.3598172024356188,4.062232881037911,-157.87954001743873,30.0,1.0,[30.0 1.0],0.0,False,False,34.02268775303491,81,17.709159380834848,728.302,in_progress,0.0
227,65.0,1.2742703163625317,4.036581749905259,-159.6305761297024,30.0,2.673707610477662,[30.0 2.673707610477662],0.0,False,False,34.85621496150131,82,17.709159380834848,728.37,in_progress,0.0
227,66.0,1.1968471054899261,3.996904009025551,-157.35276714263375,30.0,1.0,[30.0 1.0],0.0,False,False,35.60289335569179,83,17.709159380834848,728.445,in_progress,0.0
227,67.0,1.1387571098007299,3.9493722517938696,-152.4259668626355,30.0,1.0374675685425085,[30.0 1.0374675685425085],0.0,False,False,36.02229905728852,84,17.709159380834848,728.506,in_progress,0.0
227,68.0,1.0843183530384073,3.8951119786195654,-147.34177787127715,-28.48812785628686,1.0,[-28.48812785628686 1.0],0.0,False,False,36.708699084865096,85,17.709159380834848,728.573,in_progress,0.0
227,69.0,1.0197655927330336,3.8362939739734148,-144.10525663214347,-21.15805705066826,1.254036648742428,[-21.15805705066826 1.254036648742428],0.0,False,False,37.46662592246269,85,17.709159380834848,728.638,in_progress,0.0
227,70.0,0.961351255621604,3.799359405773525,-145.1151142544372,6.899062172709577,2.6334706811298565,[6.899062172709577 2.6334706811298565],0.0,False,False,38.036755907313236,86,17.709159380834848,728.706,in_progress,0.0
227,71.0,0.880652689488453,3.7537647411320236,-146.97849516648034,5.0945778505255035,3.5839339614758035,[5.0945778505255035 3.5839339614758035],3874.339132637882,False,True,38.384997930231236,87,17.709159380834848,728.773,in_progress,0.0
227,72.0,0.7841054280631661,3.6882885831794914,-146.50843267416192,27.48517113256107,1.008479460320439,[27.48517113256107 1.008479460320439],3903.2858002054336,False,True,38.93201005602229,87,17.709159380834848,728.839,in_progress,0.0
227,73.0,0.6945063862533742,3.617640231315704,-144.4802449142317,13.118284519378186,1.0,[13.118284519378186 1.0],3945.3635927263454,False,True,39.353635927263454,88,17.709159380834848,728.901,in_progress,0.0
227,74.0,0.6299168825614111,3.550122706134809,-140.62282599292436,30.0,3.414881717018376,[30.0 3.414881717018376],4005.0175151288613,False,True,39.70868697958677,88,17.709159380834848,728.973,in_progress,0.0
227,75.0,0.5701866716084741,3.474527612455835,-135.95107949586625,30.0,4.0,[30.0 4.0],4051.7622140317353,False,True,40.11762214031735,89,17.709159380834848,729.034,in_progress,0.0
227,76.0,0.5110255852059225,3.363916363149259,-127.78112906293957,-27.446649859671624,2.8544658259746742,[-27.446649859671624 2.8544658259746742],4089.9222468811536,False,True,40.613775886214064,89,17.709159380834848,729.106,in_progress,0.0
227,77.0,0.4625685538847585,3.260187706186843,-121.5545341287638,-9.455504949746832,2.3558975553036703,[-9.455504949746832 2.3558975553036703],4138.934438551595,False,True,41.153754629985585,90,17.709159380834848,729.172,in_progress,0.0
227,78.0,0.39738920740964073,3.1591408512916077,-121.45207453681931,-3.8803532119668596,2.451259508473703,[-3.8803532119668596 2.451259508473703],4172.309629284817,False,True,41.4779703420008,90,17.709159380834848,729.242,in_progress,0.0
227,79.0,0.3207344915958749,3.051903480124297,-123.37362074478803,-25.307168682151385,1.8222556685912121,[-25.307168682151385 1.8222556685912121],0.0,False,False,41.96409859143294,91,17.709159380834848,729.31,in_progress,0.0
227,80.0,0.23242084018612877,2.9406543167441987,-125.85189741480558,-20.990883802948183,1.0,[-20.990883802948183 1.0],0.0,False,False,42.342539066026205,91,17.709159380834848,729.374,in_progress,0.0
227,81.0,0.15258022811584845,2.8538937780246765,-128.77660243821302,-20.601858228681447,1.4994367177256098,[-20.601858228681447 1.4994367177256098],0.0,True,False,42.69218979515155,92,17.709159380834848,729.444,off_track,0.0
228,1.0,5.4584088304371265,2.769243704559569,-179.83039263158133,-30.0,1.0,[-30.0 1.0],0.0,False,True,0.7919305873294535,48,17.709159380834848,729.572,prepare,0.0
228,2.0,5.458654170979388,2.7689679805806606,-179.78701077530314,-12.186877011929589,1.0,[-12.186877011929589 1.0],89.05513549263554,False,True,0.7905513549263554,48,17.709159380834848,729.638,in_progress,0.0
228,3.0,5.450344766219954,2.769598383898639,-179.94600341151832,-30.0,1.749765915165292,[-30.0 1.749765915165292],101.24350408509122,False,True,0.8374584493343828,48,17.709159380834848,729.706,in_progress,0.0
228,4.0,5.426054006525527,2.7806575368673117,177.35541112467746,-28.80462730206811,3.0172516803516047,[-28.80462730206811 3.0172516803516047],127.61010404683634,False,True,0.974375872433203,48,17.709159380834848,729.771,in_progress,0.0
228,5.0,5.3900394913436545,2.80501480227641,171.98088107499086,10.752020420553578,2.7497583304055815,[10.752020420553578 2.7497583304055815],145.21739061636063,False,True,1.177198073123048,49,17.709159380834848,729.841,in_progress,0.0
228,6.0,5.34404149171405,2.829806952859087,167.7967146937341,30.0,1.2628689176653063,[30.0 1.2628689176653063],156.2671729103682,False,True,1.4363848373371513,49,17.709159380834848,729.909,in_progress,0.0
228,7.0,5.285685038218686,2.835622882386387,168.52176600723445,10.362807396340244,2.0932300303553966,[10.362807396340244 2.0932300303553966],196.87170930078224,False,True,1.7593940899722826,49,17.709159380834848,729.972,in_progress,0.0
228,8.0,5.206283075340328,2.836246106979036,171.73980206152038,-23.245721152239483,3.1738358605318324,[-23.245721152239483 3.1738358605318324],252.4976091539794,False,True,2.207592505486611,50,17.709159380834848,730.034,in_progress,0.0
228,9.0,5.124109322730935,2.8418896795413136,172.97461246884217,9.091176231092298,2.1122650743431484,[9.091176231092298 2.1122650743431484],289.32530361203806,False,True,2.6820265286860656,50,17.709159380834848,730.108,in_progress,0.0
228,10.0,5.028640011234373,2.8509038699656055,173.64325584224775,-24.965961437813107,3.8618885012284085,[-24.965961437813107 3.8618885012284085],366.41715484096153,False,True,3.2779826982867744,51,17.709159380834848,730.171,in_progress,0.0
228,11.0,4.907504895925494,2.860961790016862,173.94709163869348,-30.0,1.6708398906362576,[-30.0 1.6708398906362576],413.08688821246653,False,True,3.9637848930610398,52,17.709159380834848,730.237,in_progress,0.0
228,12.0,4.80525667543993,2.887987406181845,170.4016862482919,10.822689968158741,1.0,[10.822689968158741 1.0],471.4889377972059,False,True,4.614889377972059,53,17.709159380834848,730.303,in_progress,0.0
228,13.0,4.69076594248946,2.9229804431288198,166.9717140580013,25.608155695202385,2.1795032420151172,[25.608155695202385 2.1795032420151172],557.7977753661074,False,True,5.360027429459563,54,17.709159380834848,730.367,in_progress,0.0
228,14.0,4.59584248951021,2.942490789360905,167.48273272782092,-30.0,1.0,[-30.0 1.0],605.2345181168928,False,True,5.952345181168928,54,17.709159380834848,730.451,in_progress,0.0
228,15.0,4.435626815671481,2.96862726999649,169.3305712217861,-10.132601710235885,2.071950687006782,[-10.132601710235885 2.071950687006782],698.8518374478109,False,True,6.781323305777431,55,17.709159380834848,730.506,in_progress,0.0
228,16.0,4.357126128986231,2.9887992111224797,168.2023043174846,23.418238871139998,1.0,[23.418238871139998 1.0],728.681790911181,False,True,7.186817909111809,56,17.709159380834848,730.577,in_progress,0.0
228,17.0,4.287739256756311,3.0075933806862767,167.18789187154695,-30.0,1.0,[-30.0 1.0],760.7651081131572,False,True,7.507651081131572,56,17.709159380834848,730.643,in_progress,0.0
228,18.0,4.1880501683873455,3.0337799438039146,166.4071897231164,14.763879709433155,1.0,[14.763879709433155 1.0],810.0634466153599,False,True,8.000634466153599,57,17.709159380834848,730.709,in_progress,0.0
228,19.0,4.122503222382535,3.054209638100817,165.3593603145697,3.4472150660155734,2.551220596939346,[3.4472150660155734 2.551220596939346],855.583624147506,False,True,8.300714181781126,57,17.709159380834848,730.777,in_progress,0.0
228,20.0,4.032195905342441,3.076194008285134,165.62744825771384,30.0,4.0,[30.0 4.0],909.5124984111274,False,True,8.695124984111274,57,17.709159380834848,730.84,in_progress,0.0
228,21.0,3.932016229461453,3.0956009745560262,167.13868188026166,23.577576515106408,4.0,[23.577576515106408 4.0],953.9746815529415,False,True,9.139746815529415,58,17.709159380834848,730.903,in_progress,0.0
228,22.0,3.8152529026501703,3.096790186378742,172.4876172694406,-15.646376153724693,2.9668892354909717,[-15.646376153724693 2.9668892354909717],0.0,False,False,9.533462101611018,58,17.709159380834848,730.973,in_progress,0.0
228,23.0,3.690141354850776,3.0914335524913827,177.4020168902555,30.0,4.0,[30.0 4.0],0.0,False,False,9.951767201346208,59,17.709159380834848,731.046,in_progress,0.0
228,24.0,3.534328800459877,3.0879507920602696,179.9827627035423,19.215990071292453,2.003369012335564,[19.215990071292453 2.003369012335564],0.0,True,False,10.518622494768909,60,17.709159380834848,731.078,off_track,0.0
229,1.0,4.59078053933891,2.8813432473227008,157.42123075958884,-15.796387251367857,2.25906818342924,[-15.796387251367857 2.25906818342924],0.0,False,True,0.7905591706545312,54,17.709159380834848,731.242,prepare,0.0
229,2.0,4.590824836077336,2.881325432514862,157.41616089763764,30.0,1.0,[30.0 1.0],89.02942188434014,False,True,0.7902942188434015,54,17.709159380834848,731.308,in_progress,0.0
229,3.0,4.581941923035587,2.8813301669431377,158.1859642877979,8.043840885904636,1.7888351570899528,[8.043840885904636 1.7888351570899528],101.14640299580714,False,True,0.8325805142490761,54,17.709159380834848,731.374,in_progress,0.0
229,4.0,4.555205296118172,2.881875049602395,160.42575243337396,-30.0,1.0,[-30.0 1.0],106.14707856904158,False,True,0.9614707856904159,54,17.709159380834848,731.439,in_progress,0.0
229,5.0,4.519467626961025,2.892136155573845,161.03142013911153,-2.8400585968643064,1.0,[-2.8400585968643064 1.0],126.2730244062965,False,True,1.162730244062965,54,17.709159380834848,731.509,in_progress,0.0
229,6.0,4.4834856144141915,2.9075428186612666,160.23872421483273,-30.0,1.9322829119867067,[-30.0 1.9322829119867067],157.4022107240113,False,True,1.3807938160414424,55,17.709159380834848,731.576,in_progress,0.0
229,7.0,4.435792655150368,2.9330170878299686,158.29968876711425,-30.0,4.0,[-30.0 4.0],204.5975885982076,False,True,1.6459758859820761,55,17.709159380834848,731.642,in_progress,0.0
229,8.0,4.372314788663015,2.9870735786461204,152.29075063362882,-7.269360633266107,1.0,[-7.269360633266107 1.0],221.65940833947184,False,True,2.1165940833947183,56,17.709159380834848,731.71,in_progress,0.0
229,9.0,4.327363258083157,3.03311461278079,147.45696749489176,-22.28874249579423,1.0,[-22.28874249579423 1.0],255.96716885871282,False,True,2.4596716885871284,56,17.709159380834848,731.774,in_progress,0.0
229,10.0,4.278705711353265,3.0814027331567413,144.16509705037257,-30.0,2.120475267093926,[-30.0 2.120475267093926],305.8568018832893,False,True,2.8465204921235,56,17.709159380834848,731.839,in_progress,0.0
229,11.0,4.232444623595134,3.142155742958389,139.0533944553217,16.37002771998622,1.0,[16.37002771998622 1.0],337.54449808659547,False,True,3.275444980865955,57,17.709159380834848,731.909,in_progress,0.0
229,12.0,4.181884562149988,3.2039040512726396,135.66868071462756,-30.0,1.0,[-30.0 1.0],381.321677269707,False,True,3.71321677269707,57,17.709159380834848,731.973,in_progress,0.0
229,13.0,4.118460590939244,3.2669558991678564,135.44975317745636,-20.323916593619565,2.173664663433555,[-20.323916593619565 2.173664663433555],442.9579945140122,False,True,4.212213478796767,58,17.709159380834848,732.041,in_progress,0.0
229,14.0,4.075416247508423,3.322456862204132,133.37649468825828,-9.119709807566139,1.0,[-9.119709807566139 1.0],470.8773378878439,False,True,4.608773378878439,59,17.709159380834848,732.107,in_progress,0.0
229,15.0,4.02698502202773,3.3929544355836803,130.37844285278734,30.0,3.727897133300848,[30.0 3.727897133300848],546.5141825937874,False,True,5.09235211260779,59,17.709159380834848,732.173,in_progress,0.0
229,16.0,3.9674278888507626,3.4630991371532223,130.38643531128048,30.0,4.0,[30.0 4.0],601.1866220862205,False,True,5.611866220862205,60,17.709159380834848,732.244,in_progress,0.0
229,17.0,3.8926801560151008,3.5146543444309417,135.5860717121705,30.0,1.0,[30.0 1.0],620.3976186488735,False,True,6.103976186488735,60,17.709159380834848,732.306,in_progress,0.0
229,18.0,3.8117970715840293,3.551292750180185,143.45279322333164,-16.682519930033344,1.0,[-16.682519930033344 1.0],665.291968723647,False,True,6.55291968723647,61,17.709159380834848,732.374,in_progress,0.0
229,19.0,3.7299764971214913,3.5928513970153615,149.31741744993522,-30.0,1.0,[-30.0 1.0],712.6415889224236,False,True,7.026415889224236,61,17.709159380834848,732.438,in_progress,0.0
229,20.0,3.6544759944351126,3.646144552815326,148.81651192116587,-30.0,1.8495687141546702,[-30.0 1.8495687141546702],771.4231108599159,False,True,7.529274237183692,62,17.709159380834848,732.503,in_progress,0.0
229,21.0,3.6077371829657534,3.690373398099017,145.70086736277682,-23.749847475088878,4.0,[-23.749847475088878 4.0],828.9609778650341,False,True,7.889609778650342,62,17.709159380834848,732.572,in_progress,0.0
229,22.0,3.548520463206111,3.7634754127601995,139.73730468609065,-30.0,4.0,[-30.0 4.0],882.1523274731502,False,True,8.421523274731502,63,17.709159380834848,732.659,in_progress,0.0
229,23.0,3.4902632531873263,3.8884912526600512,127.12727274583706,-9.083304720916644,1.0,[-9.083304720916644 1.0],927.6434969268244,False,True,9.176434969268243,64,17.709159380834848,732.702,in_progress,0.0
229,24.0,3.464598945130782,3.960157307476116,119.55232775550122,30.0,2.710527098379742,[30.0 2.710527098379742],985.0477462629295,False,True,9.579424752791322,64,17.709159380834848,732.774,in_progress,0.0
229,25.0,3.4204491995345174,4.070111895550158,113.37579372893438,30.0,4.0,[30.0 4.0],1061.8073234297876,False,True,10.218073234297876,65,17.709159380834848,732.843,in_progress,0.0
229,26.0,3.3509769344232643,4.182006804982268,115.86665294282562,-3.044900178096107,2.8472659008945707,[-3.044900178096107 2.8472659008945707],1128.9292863730527,False,True,11.00456627364107,66,17.709159380834848,732.906,in_progress,0.0
229,27.0,3.280425014012245,4.283158336219932,120.05030653386126,25.743091267805177,1.0418422104253746,[25.743091267805177 1.0418422104253746],1179.0150438510839,False,True,11.685966217468302,67,17.709159380834848,732.976,in_progress,0.0
229,28.0,3.205862555601185,4.391462312286691,122.04222683485014,30.0,1.0,[30.0 1.0],1250.840453704174,False,True,12.40840453704174,68,17.709159380834848,733.04,in_progress,0.0
229,29.0,3.1313020244078618,4.485146335181935,124.80824363030251,-7.763124368015745,1.0,[-7.763124368015745 1.0],1311.1070619067589,False,True,13.011070619067588,68,17.709159380834848,733.105,in_progress,0.0
229,30.0,3.0742832713090706,4.559041922164286,125.77651697426724,-3.8054671870590226,4.0,[-3.8054671870590226 4.0],1382.2521038272982,False,True,13.422521038272983,69,17.709159380834848,733.171,in_progress,0.0
229,31.0,3.0202741014394787,4.636898271256962,125.3605079330904,-6.888589848618306,1.0,[-6.888589848618306 1.0],1381.7266691398465,False,True,13.717266691398466,69,17.709159380834848,733.245,in_progress,0.0
229,32.0,2.960398245578294,4.735203096213108,123.54450267157799,2.780895869048557,1.0,[2.780895869048557 1.0],1425.672041959394,False,True,14.156720419593938,70,17.709159380834848,733.305,in_progress,0.0
229,33.0,2.906629986744855,4.812897060455417,123.95146301206522,5.258176696363655,1.0,[5.258176696363655 1.0],1458.037828438773,False,True,14.48037828438773,70,17.709159380834848,733.353,in_progress,0.0
229,34.0,2.8517084700561695,4.8734628004610645,126.54234549038286,30.0,2.9050852283646593,[30.0 2.9050852283646593],0.0,False,False,14.48037828438773,70,17.709159380834848,733.443,in_progress,0.0
229,35.0,2.7754765164652078,4.941351790830572,131.0914575844462,20.734207259981503,1.9949908922791137,[20.734207259981503 1.9949908922791137],0.0,False,False,14.970129381740605,71,17.709159380834848,733.503,in_progress,0.0
229,36.0,2.6930965955257165,4.990775255567646,137.5725373522944,-7.409281759415826,1.0,[-7.409281759415826 1.0],0.0,False,False,15.439738942363668,72,17.709159380834848,733.572,in_progress,0.0
229,37.0,2.6037080468957696,5.040078427242397,143.5183372668681,-15.465930489495825,1.0,[-15.465930489495825 1.0],0.0,False,False,15.905762817873793,72,17.709159380834848,733.642,in_progress,0.0
229,38.0,2.523100164466461,5.100534510192282,144.47159064391016,0.9010181852488799,1.5404515895983202,[0.9010181852488799 1.5404515895983202],0.0,True,False,16.361615611453463,73,17.709159380834848,733.706,off_track,0.0
230,1.0,3.9770357700756285,3.5122824082981627,129.22361276676938,-30.0,2.4905765131160216,[-30.0 2.4905765131160216],0.0,False,True,0.7926193856218289,60,17.709159380834848,733.838,prepare,0.0
230,2.0,3.9772551891196004,3.511988756230051,129.24753287051126,17.35790271017104,3.6170928777073126,[17.35790271017104 3.6170928777073126],115.22606459086566,False,True,0.7905513581379253,60,17.709159380834848,733.909,in_progress,0.0
230,3.0,3.973634064712279,3.5185530443785873,128.7772014962888,25.418641910875827,1.0,[25.418641910875827 1.0],93.21936466815782,False,True,0.8321936466815782,60,17.709159380834848,733.971,in_progress,0.0
230,4.0,3.964197997091502,3.530383201700983,128.45374142286184,30.0,4.0,[30.0 4.0],131.7646903941993,False,True,0.9176469039419932,60,17.709159380834848,734.042,in_progress,0.0
230,5.0,3.943236292581183,3.5443956446991574,130.09522861637635,30.0,4.0,[30.0 4.0],145.37661688703514,False,True,1.0537661688703515,60,17.709159380834848,734.105,in_progress,0.0
230,6.0,3.900080110723849,3.564858687625276,134.64495120704947,30.0,1.0,[30.0 1.0],139.73066763253604,False,True,1.2973066763253605,61,17.709159380834848,734.145,in_progress,0.0
230,7.0,3.850621453967187,3.5777563046194167,140.69015373408533,6.66691117432903,1.0,[6.66691117432903 1.0],163.02218417590385,False,True,1.5302218417590385,61,17.709159380834848,734.239,in_progress,0.0
230,8.0,3.804722958160915,3.5943188974395,144.45603297041404,-30.0,1.0,[-30.0 1.0],186.62853147045743,False,True,1.7662853147045743,61,17.709159380834848,734.307,in_progress,0.0
230,9.0,3.758235612829806,3.627356203054381,144.59823308646236,-11.359969724549561,1.980781301377505,[-11.359969724549561 1.980781301377505],227.4788740235271,False,True,2.076710610097521,61,17.709159380834848,734.375,in_progress,0.0
230,10.0,3.70334513299921,3.684065814360236,141.3896768991531,30.0,1.6711442890193868,[30.0 1.6711442890193868],268.7860113249253,False,True,2.520745684347314,62,17.709159380834848,734.435,in_progress,0.0
230,11.0,3.6485751457190387,3.7391737958616535,139.3229830997061,8.380444541756617,1.0,[8.380444541756617 1.0],305.752927551165,False,True,2.95752927551165,63,17.709159380834848,734.504,in_progress,0.0
230,12.0,3.5741976092710965,3.7882505865393235,141.79324389650006,15.542887040633687,1.0,[15.542887040633687 1.0],353.8226477362527,False,True,3.438226477362527,63,17.709159380834848,734.574,in_progress,0.0
230,13.0,3.50611759846549,3.817669261875484,146.04100933713357,-27.85093037921181,1.9985077709442176,[-27.85093037921181 1.9985077709442176],400.98542469574875,False,True,3.810003469863066,64,17.709159380834848,734.642,in_progress,0.0
230,14.0,3.4277962564028077,3.8557913732987767,148.5500878102968,-23.171756812237817,4.0,[-23.171756812237817 4.0],465.2475455202676,False,True,4.252475455202676,64,17.709159380834848,734.706,in_progress,0.0
230,15.0,3.351631612624323,3.9099993400057733,147.14454309385403,-30.0,2.2371776962793177,[-30.0 2.2371776962793177],498.48109851873744,False,True,4.761093215559442,65,17.709159380834848,734.768,in_progress,0.0
230,16.0,3.2792450843183603,3.9873770313573567,141.70104752716648,-30.0,1.0,[-30.0 1.0],545.5881596545531,False,True,5.355881596545531,65,17.709159380834848,734.841,in_progress,0.0
230,17.0,3.2077379153356818,4.081330164076321,135.50467801965493,-24.925794238112072,3.5542634675968845,[-24.925794238112072 3.5542634675968845],656.0558533770942,False,True,6.2051321870112535,66,17.709159380834848,734.905,in_progress,0.0
230,18.0,3.1588754582885206,4.155276429863992,131.33338359636906,25.36490516693778,2.2175264086413744,[25.36490516693778 2.2175264086413744],714.9269757014832,False,True,6.927517116150694,67,17.709159380834848,734.988,in_progress,0.0
230,19.0,3.091546842723723,4.258474664742537,127.1520446127921,30.0,2.3474455765958346,[30.0 2.3474455765958346],779.329024151675,False,True,7.558545683857165,68,17.709159380834848,735.043,in_progress,0.0
230,20.0,3.0194149853163696,4.336113024827469,129.34222298329018,17.137395422912235,1.0,[17.137395422912235 1.0],831.1588101971735,False,True,8.211588101971735,69,17.709159380834848,735.105,in_progress,0.0
230,21.0,2.9182672036474067,4.421042761490271,134.58490264621295,30.0,1.0,[30.0 1.0],914.5652738048881,False,True,9.045652738048881,70,17.709159380834848,735.175,in_progress,0.0
230,22.0,2.8275607598152868,4.482771292716049,139.03977252523936,30.0,1.088500161694323,[30.0 1.088500161694323],974.7851915086832,False,True,9.6390018989174,70,17.709159380834848,735.242,in_progress,0.0
230,23.0,2.75321083145433,4.5279083050343765,142.27187681538754,30.0,1.6240676738854611,[30.0 1.6240676738854611],1022.0713348741573,False,True,10.058306581353026,71,17.709159380834848,735.306,in_progress,0.0
230,24.0,2.6625837555155325,4.566823055125651,147.57099836788544,30.0,1.0159091910193947,[30.0 1.0159091910193947],1067.5116957793932,False,True,10.573526038691995,72,17.709159380834848,735.375,in_progress,0.0
230,25.0,2.570055434358007,4.594060284900573,153.292409218994,30.0,1.0,[30.0 1.0],1119.079379689212,False,True,11.090793796892118,72,17.709159380834848,735.444,in_progress,0.0
230,26.0,2.4906130201929875,4.609021315705066,158.2891511403807,30.0,1.1101782454387854,[30.0 1.1101782454387854],1165.0573451029031,False,True,11.539555626485154,73,17.709159380834848,735.511,in_progress,0.0
230,27.0,2.417816231731573,4.615595074863277,162.88543295923384,-16.91471519080884,1.0,[-16.91471519080884 1.0],1202.4970893683717,False,True,11.924970893683717,73,17.709159380834848,735.573,in_progress,0.0
230,28.0,2.3383259437112267,4.622686877342675,166.5439240543349,-15.686423175252685,1.698078059902141,[-15.686423175252685 1.698078059902141],1254.18712243562,False,True,12.372063418365986,74,17.709159380834848,735.639,in_progress,0.0
230,29.0,2.2226839609665014,4.653951144439766,165.61709763104778,15.555021736592096,1.7943217220533965,[15.555021736592096 1.7943217220533965],1320.0628319668394,False,True,13.021196147463055,74,17.709159380834848,735.711,in_progress,0.0
230,30.0,2.1604585131919203,4.6768950286294615,164.10233974038587,3.069721516382245,1.1371542260372531,[3.069721516382245 1.1371542260372531],1348.1761195849087,False,True,13.368045773245363,75,17.709159380834848,735.766,in_progress,0.0
230,31.0,2.0799685642427894,4.6933131738955804,165.4622395458476,28.97616365980489,1.3008758531168554,[28.97616365980489 1.3008758531168554],1395.6707367758688,False,True,13.826619782447002,75,17.709159380834848,735.843,in_progress,0.0
230,32.0,1.9843967305234902,4.702393228890867,168.73644590621973,15.417804543529904,4.0,[15.417804543529904 4.0],1476.4436306373807,False,True,14.364436306373808,76,17.709159380834848,735.908,in_progress,0.0
230,33.0,1.8899229942865607,4.703001529373977,172.72182339061203,10.732381154581589,1.504389747559845,[10.732381154581589 1.504389747559845],1504.8056667103895,False,True,14.89761769234791,77,17.709159380834848,735.973,in_progress,0.0
230,34.0,1.7933883310195577,4.689806746976017,178.4167886924888,-13.496396383711847,2.4328173483025433,[-13.496396383711847 2.4328173483025433],1568.1235124484047,False,True,15.437953389653792,77,17.709159380834848,736.04,in_progress,0.0
230,35.0,1.6732416638287018,4.674833922264942,-177.8493911352605,-11.908072878235782,1.0,[-11.908072878235782 1.0],1620.9400978624833,False,True,16.109400978624834,78,17.709159380834848,736.082,in_progress,0.0
230,36.0,1.5657705785010712,4.675155708714703,-178.50059485484454,30.0,1.8134945011082395,[30.0 1.8134945011082395],1689.7029408362519,False,True,16.715679958251695,79,17.709159380834848,736.169,in_progress,0.0
230,37.0,1.4556831737489089,4.670953082416809,-177.91819834813634,30.0,1.4646236383903348,[30.0 1.4646236383903348],1745.0162031155855,False,True,17.30369966731682,79,17.709159380834848,736.24,in_progress,0.0
230,38.0,1.3592776867613137,4.653979947597794,-175.04840287131304,30.0,1.0,[30.0 1.0],1787.9274780419505,False,True,17.779274780419506,80,17.709159380834848,736.308,in_progress,0.0
230,39.0,1.2560029386646803,4.627911105258518,-171.3537327623237,30.0,1.0,[30.0 1.0],1833.3065505406487,False,True,18.233065505406486,81,17.709159380834848,736.368,in_progress,0.0
230,40.0,1.1644218741852945,4.596685651082323,-167.5009134832473,30.0,2.4380031269746625,[30.0 2.4380031269746625],1886.0136116606623,False,True,18.616335803909156,81,17.709159380834848,736.441,in_progress,0.0
230,41.0,1.0867496297753814,4.566068949502033,-164.56111394407637,24.135616130667067,1.0,[24.135616130667067 1.0],1908.2096447336328,False,True,18.98209644733633,81,17.709159380834848,736.507,in_progress,0.0
230,42.0,1.010087160712042,4.521240819337883,-159.30832711002188,22.86945547317781,1.0934773283790589,[22.86945547317781 1.0934773283790589],1956.518053243481,False,True,19.455832799596905,82,17.709159380834848,736.571,in_progress,0.0
230,43.0,0.9466186346426287,4.48055956556208,-155.86841085956763,30.0,1.2682465771300564,[30.0 1.2682465771300564],1983.3071918973928,False,True,19.706247261260923,82,17.709159380834848,736.643,in_progress,0.0
230,44.0,0.8824739186945446,4.42345112907063,-150.18187609522954,30.0,2.6795638807171382,[30.0 2.6795638807171382],2045.8709270726765,False,True,20.19075288265505,83,17.709159380834848,736.708,in_progress,0.0
230,45.0,0.8080864626506717,4.325263086460758,-139.9979522881108,30.0,2.1150813981923453,[30.0 2.1150813981923453],2092.6212584177956,False,True,20.714704444358723,83,17.709159380834848,736.775,in_progress,0.0
230,46.0,0.7799738833325772,4.272646690477811,-134.69384793378518,2.4277631603224776,2.1721370770797925,[2.4277631603224776 2.1721370770797925],2125.834396534533,False,True,21.041130257637352,84,17.709159380834848,736.824,in_progress,0.0
230,47.0,0.726289329921337,4.172846906774669,-127.49323901257212,30.0,1.7166162389377388,[30.0 1.7166162389377388],2170.439914138496,False,True,21.532737517491185,84,17.709159380834848,736.904,in_progress,0.0
230,48.0,0.6672123449946389,4.057303718902204,-122.39728170078742,8.530109995157957,2.6278886863165454,[8.530109995157957 2.6278886863165454],2237.2997965970994,False,True,22.11020909733934,85,17.709159380834848,736.973,in_progress,0.0
230,49.0,0.6265397481903099,3.9536545655184594,-117.87383809349501,30.0,1.0,[30.0 1.0],2283.858623201456,False,True,22.73858623201456,86,17.709159380834848,737.039,in_progress,0.0
230,50.0,0.5947139124384113,3.8356363160857394,-111.78631393377219,30.0,1.297166157414675,[30.0 1.297166157414675],2340.531973461178,False,True,23.275603118870315,86,17.709159380834848,737.091,in_progress,0.0
230,51.0,0.5713929842756458,3.7233673150209343,-107.42226231602253,30.0,3.273223007635257,[30.0 3.273223007635257],2411.6309670905207,False,True,23.78898737014168,87,17.709159380834848,737.174,in_progress,0.0
230,52.0,0.5587814065947078,3.6093391657877967,-102.58230941047239,30.0,3.290094732256467,[30.0 3.290094732256467],2476.44709022622,False,True,24.435461429036554,88,17.709159380834848,737.239,in_progress,0.0
230,53.0,0.5619695708923919,3.4901903700535795,-96.35049437863815,9.02214354118324,1.3873370412140886,[9.02214354118324 1.3873370412140886],2516.5639409721243,False,True,25.026905705599834,89,17.709159380834848,737.308,in_progress,0.0
230,54.0,0.579517076453755,3.377860921336191,-89.14000102755195,0.32166009078984104,4.0,[0.32166009078984104 4.0],2599.182347809096,False,True,25.59182347809096,89,17.709159380834848,737.373,in_progress,0.0
230,55.0,0.6077149097606552,3.248860060337029,-82.13402911450909,11.341900309021462,1.0,[11.341900309021462 1.0],2639.097904556872,False,True,26.29097904556872,90,17.709159380834848,737.437,in_progress,0.0
230,56.0,0.6421393341912852,3.1197585376629036,-76.6137353185967,-8.100093229204099,1.0,[-8.100093229204099 1.0],2712.060579166289,False,True,27.020605791662888,91,17.709159380834848,737.499,in_progress,0.0
230,57.0,0.6722793124585239,3.021423813365814,-72.76353988747748,23.374954678000073,2.9827235149401212,[23.374954678000073 2.9827235149401212],2787.3816893382223,False,True,27.57554454188821,92,17.709159380834848,737.575,in_progress,0.0
230,58.0,0.7048885421172073,2.9124790027391736,-72.4823012725924,-0.20344827220723616,4.0,[-0.20344827220723616 4.0],2863.752574284428,False,True,28.237525742844284,92,17.709159380834848,737.639,in_progress,0.0
230,59.0,0.7454062418366281,2.795025028457107,-71.91060806165878,-30.0,2.690650496907354,[-30.0 2.690650496907354],2922.3719149831977,False,True,28.95465410014124,93,17.709159380834848,737.706,in_progress,0.0
230,60.0,0.7804900316697818,2.664709545265954,-73.43072668313536,5.2577584425920705,2.87881609599856,[5.2577584425920705 2.87881609599856],3001.101328622677,False,True,29.723131676626913,94,17.709159380834848,737.774,in_progress,0.0
230,61.0,0.8136550868010876,2.507171151582636,-75.86686963479545,30.0,2.288933906420299,[30.0 2.288933906420299],3086.095232162537,False,True,30.63205893098334,95,17.709159380834848,737.842,in_progress,0.0
230,62.0,0.8536550291887989,2.3785593908316653,-74.34171994797255,30.0,1.1488254789367034,[30.0 1.1488254789367034],3150.393956442185,False,True,31.389057016528177,96,17.709159380834848,737.904,in_progress,0.0
230,63.0,0.9032394773433923,2.252482013043537,-71.56146036033779,30.0,1.5599939765842867,[30.0 1.5599939765842867],3229.898731263253,False,True,32.1429879149741,97,17.709159380834848,737.972,in_progress,0.0
230,64.0,0.9527600968343701,2.141521397014335,-69.01854521757514,26.857381538095055,1.0,[26.857381538095055 1.0],3291.3252642678003,False,True,32.813252642678,98,17.709159380834848,738.072,in_progress,0.0
230,65.0,1.033110162669709,1.9858919737012202,-65.41840587414504,21.554628332611358,1.0,[21.554628332611358 1.0],3386.584011517208,False,True,33.76584011517208,99,17.709159380834848,738.104,in_progress,0.0
230,66.0,1.0684108384162,1.927677810843872,-63.56152188862673,6.147885313064577,1.4177552431883496,[6.147885313064577 1.4177552431883496],3426.990316103169,False,True,34.128127636712854,99,17.709159380834848,738.174,in_progress,0.0
230,67.0,1.1184759922955496,1.8606588666861168,-60.22101421925292,18.854402343422848,1.1549981262329885,[18.854402343422848 1.1549981262329885],3467.150499220251,False,True,34.55600517957921,100,17.709159380834848,738.244,in_progress,0.0
230,68.0,1.187331806493848,1.7865343138364524,-55.21251634164481,-30.0,4.0,[-30.0 4.0],3544.5022265306948,False,True,35.04502226530695,100,17.709159380834848,738.308,in_progress,0.0
230,69.0,1.2514150335237337,1.7167111991329151,-52.71060270167076,1.6557701071709765,1.5289562054369106,[1.6557701071709765 1.5289562054369106],3565.748721205564,False,True,35.50459159151195,101,17.709159380834848,738.375,in_progress,0.0
230,70.0,1.3200993204544134,1.6265401221485032,-52.73142060548491,30.0,2.464816174271362,[30.0 2.464816174271362],3633.1364407934316,False,True,36.08488279050718,102,17.709159380834848,738.436,in_progress,0.0
230,71.0,1.3962423035810259,1.55005183918396,-49.4359189569529,30.0,3.0697286501736833,[30.0 3.0697286501736833],3691.2875765189992,False,True,36.60590290017262,102,17.709159380834848,738.51,in_progress,0.0
230,72.0,1.4921196416122184,1.4807739067480534,-43.48673652625431,3.4722127996719507,1.0,[3.4722127996719507 1.0],0.0,False,False,37.10293527646387,103,17.709159380834848,738.575,in_progress,0.0
230,73.0,1.5965623949094097,1.4275245767902067,-35.33994914893081,-9.603502037985152,3.6075747321987532,[-9.603502037985152 3.6075747321987532],0.0,False,False,37.693214511437176,103,17.709159380834848,738.615,in_progress,0.0
230,74.0,1.7422694781860637,1.3546764484102107,-30.531996396788028,16.841669344557637,1.7437996138306153,[16.841669344557637 1.7437996138306153],0.0,False,False,38.597731903640685,105,17.709159380834848,738.708,in_progress,0.0
230,75.0,1.816789416572448,1.3135819835216132,-30.088764234036827,30.0,4.0,[30.0 4.0],0.0,True,False,41.88584106603744,108,17.709159380834848,738.775,off_track,0.0
231,1.0,3.4183290874032313,4.198925519307779,128.99248139666898,30.0,1.5226534472282092,[30.0 1.5226534472282092],0.0,False,True,0.7913365611649015,66,17.709159380834848,738.902,prepare,0.0
231,2.0,3.4183597645599644,4.198771344193413,129.02850330762644,30.0,1.0,[30.0 1.0],89.05505554073211,False,True,0.7905505554073211,66,17.709159380834848,738.969,in_progress,0.0
231,3.0,3.411496623940392,4.2039318622946436,129.45831365207286,21.68961115266883,1.0,[21.68961115266883 1.0],93.75743135873637,False,True,0.8375743135873637,66,17.709159380834848,739.037,in_progress,0.0
231,4.0,3.387959841342243,4.215246885501907,132.01113374093546,30.0,2.6222040436415446,[30.0 2.6222040436415446],124.30098958717045,False,True,0.9807894915075499,66,17.709159380834848,739.109,in_progress,0.0
231,5.0,3.351175147494882,4.230112512807233,136.17995382295055,30.0,1.2506963174008061,[30.0 1.2506963174008061],131.4749654224599,False,True,1.1896800224845183,66,17.709159380834848,739.177,in_progress,0.0
231,6.0,3.302097327188328,4.2418761540323535,142.12665454400047,30.0,2.504453371993284,[30.0 2.504453371993284],168.76347425108293,False,True,1.4371894053115009,67,17.709159380834848,739.24,in_progress,0.0
231,7.0,3.2351068398951983,4.249925474749419,150.18501467294894,12.156887019394674,3.3677084869949545,[12.156887019394674 3.3677084869949545],218.2000456379583,False,True,1.8452296076800878,67,17.709159380834848,739.301,in_progress,0.0
231,8.0,3.1529993775237606,4.260622183957604,157.07830003402148,-21.325924424980872,3.8626796059029687,[-21.325924424980872 3.8626796059029687],265.68285613288106,False,True,2.2705606007385137,68,17.709159380834848,739.369,in_progress,0.0
231,9.0,3.070257006985258,4.287061892202182,158.9054676890652,8.455109765178598,3.4403893665206313,[8.455109765178598 3.4403893665206313],317.6355200848751,False,True,2.832316264196688,68,17.709159380834848,739.424,in_progress,0.0
231,10.0,2.934527069419943,4.329705436747684,160.8449355507005,-11.131520103596145,3.2658363111481474,[-11.131520103596145 3.2658363111481474],418.202528264154,False,True,3.8554416515267254,69,17.709159380834848,739.505,in_progress,0.0
231,11.0,2.8152750183664015,4.3658060535030705,161.79686787250282,-18.92431628938828,1.0,[-18.92431628938828 1.0],483.978444748997,False,True,4.73978444748997,71,17.709159380834848,739.573,in_progress,0.0
231,12.0,2.7391333942953033,4.401036398302281,159.44640851703343,-9.63605475837861,4.0,[-9.63605475837861 4.0],552.6270080088069,False,True,5.126270080088069,71,17.709159380834848,739.64,in_progress,0.0
231,13.0,2.631503983665799,4.4575386380106305,156.24481387572925,30.0,2.940722510611468,[30.0 2.940722510611468],603.6349487502498,False,True,5.7422772364413515,72,17.709159380834848,739.708,in_progress,0.0
231,14.0,2.501175742923671,4.5207118238177495,155.3603225104647,-3.73279524228424,1.0,[-3.73279524228424 1.0],657.8920616312422,False,True,6.478920616312422,73,17.709159380834848,739.776,in_progress,0.0
231,15.0,2.3677433972248303,4.574975825072525,156.4878362452573,2.4156562962726653,2.7611816983952133,[2.4156562962726653 2.7611816983952133],749.2070539704753,False,True,7.215952369865231,73,17.709159380834848,739.841,in_progress,0.0
231,16.0,2.232856106482587,4.634905326861693,156.31064815168827,5.310915977091078,2.9863823822687237,[5.310915977091078 2.9863823822687237],826.6019605479962,False,True,7.96738136725309,74,17.709159380834848,739.903,in_progress,0.0
231,17.0,2.0933500934097764,4.689944607374235,157.3838450652709,30.0,4.0,[30.0 4.0],915.1599676093525,False,True,8.751599676093525,75,17.709159380834848,739.967,in_progress,0.0
231,18.0,1.942210677426971,4.736130669544607,160.85916873440337,30.0,1.0,[30.0 1.0],969.7364104799021,False,True,9.597364104799022,76,17.709159380834848,740.045,in_progress,0.0
231,19.0,1.7753280194134875,4.772994323764851,165.95982648962604,17.556590829471624,1.0,[17.556590829471624 1.0],1062.4461384438355,False,True,10.524461384438355,77,17.709159380834848,740.104,in_progress,0.0
231,20.0,1.632638137001337,4.796288240164788,169.95954449822588,30.0,2.5556376327570733,[30.0 2.5556376327570733],0.0,False,False,11.31027900117384,78,17.709159380834848,740.176,in_progress,0.0
231,21.0,1.492894652449054,4.810034326659603,172.32945646842455,-4.042495888201977,3.923043470882607,[-4.042495888201977 3.923043470882607],0.0,False,False,12.038899218267584,79,17.709159380834848,740.239,in_progress,0.0
231,22.0,1.333753170557609,4.8180357213292355,175.24173607956382,30.0,1.0,[30.0 1.0],0.0,False,False,12.779274780419502,80,17.709159380834848,740.309,in_progress,0.0
231,23.0,1.187745554781239,4.825950879248591,176.84411267646172,15.833218480583952,1.0,[15.833218480583952 1.0],0.0,False,False,13.307329355600306,81,17.709159380834848,740.371,in_progress,0.0
231,24.0,1.0538974243153947,4.823294903973927,179.1032881235456,2.8001976442889216,3.1451840273299974,[2.8001976442889216 3.1451840273299974],0.0,False,False,13.616335803909152,81,17.709159380834848,740.44,in_progress,0.0
231,25.0,0.9316651685790553,4.815715231582926,-178.87455820662336,30.0,4.0,[30.0 4.0],0.0,False,False,14.059516469443412,82,17.709159380834848,740.505,in_progress,0.0
231,26.0,0.7706954908935526,4.784857475958491,-173.1448867843596,30.0,3.809926134963076,[30.0 3.809926134963076],0.0,True,False,14.455832799596902,82,17.709159380834848,740.578,off_track,0.0
232,1.0,2.6227157792099436,4.4978918060253505,179.0465075621607,12.591173215262337,1.0,[12.591173215262337 1.0],0.0,False,True,0.7923545276603217,72,17.709159380834848,740.707,prepare,0.0
232,2.0,2.6230360020671046,4.497829514428475,179.0787557474804,16.409038939996698,3.822769426095244,[16.409038939996698 3.822769426095244],117.2822542831095,False,True,0.7905456002215705,72,17.709159380834848,740.769,in_progress,0.0
232,3.0,2.611566341161736,4.500245107436119,178.5027231362978,30.0,1.4832728525410626,[30.0 1.4832728525410626],100.36666556169683,False,True,0.855339370362862,72,17.709159380834848,740.838,in_progress,0.0
232,4.0,2.5889024672211494,4.488818295905795,-178.36983621546625,30.0,1.0,[30.0 1.0],108.31893293391735,False,True,0.9831893293391736,72,17.709159380834848,740.904,in_progress,0.0
232,5.0,2.5570421270916297,4.4664023800323225,-173.2361532832255,-13.666828582568805,3.8259380785561308,[-13.666828582568805 3.8259380785561308],154.54404134770724,False,True,1.1628466056214593,72,17.709159380834848,740.975,in_progress,0.0
232,6.0,2.5130499909398623,4.4396739583880125,-168.52931746501125,-9.340571259642314,2.1186320686033175,[-9.340571259642314 2.1186320686033175],162.28243982263987,False,True,1.410961191366067,73,17.709159380834848,741.039,in_progress,0.0
232,7.0,2.4609024684309038,4.42912799609286,-168.45582177653017,30.0,1.0,[30.0 1.0],180.53088248422333,False,True,1.7053088248422332,73,17.709159380834848,741.103,in_progress,0.0
232,8.0,2.398108946985981,4.415982894983725,-168.46727128951744,-23.907434673757955,1.08450542310103,[-23.907434673757955 1.08450542310103],218.60123659539394,False,True,2.0775618236438365,73,17.709159380834848,741.172,in_progress,0.0
232,9.0,2.33157297073236,4.399502919479762,-167.80106679144149,2.2936915471155928,1.0,[2.2936915471155928 1.0],255.64401417876857,False,True,2.4564401417876858,74,17.709159380834848,741.242,in_progress,0.0
232,10.0,2.2616507351059223,4.392755538623086,-169.59098716208635,26.58141600347691,2.560416613171049,[26.58141600347691 2.560416613171049],310.6600320231742,False,True,2.850558658914637,74,17.709159380834848,741.308,in_progress,0.0
232,11.0,2.1869090590552367,4.379936670822282,-169.81481426868766,-30.0,1.0,[-30.0 1.0],337.47923968414307,False,True,3.2747923968414305,75,17.709159380834848,741.377,in_progress,0.0
232,12.0,2.109380333839341,4.3623945058069875,-168.85254482328557,-30.0,1.13268303462357,[-30.0 1.13268303462357],382.44545736158005,False,True,3.7111862701534437,75,17.709159380834848,741.442,in_progress,0.0
232,13.0,2.0272773919975093,4.356510597440067,-171.07163425338885,-28.04020252609612,1.0,[-28.04020252609612 1.0],427.5534339923748,False,True,4.175534339923748,76,17.709159380834848,741.5,in_progress,0.0
232,14.0,1.9501861774563816,4.359661615006588,-174.4157850983685,30.0,1.0,[30.0 1.0],471.03647114484227,False,True,4.6103647114484225,76,17.709159380834848,741.572,in_progress,0.0
232,15.0,1.8755407004473137,4.362992763302981,-176.76402732330865,30.0,1.7794285281527233,[30.0 1.7794285281527233],520.9144901772778,False,True,5.031202048957506,77,17.709159380834848,741.641,in_progress,0.0
232,16.0,1.7889400163355968,4.349116311640069,-174.74863000600163,24.853514435535622,1.0,[24.853514435535622 1.0],562.62100985073,False,True,5.526210098507301,77,17.709159380834848,741.708,in_progress,0.0
232,17.0,1.7106521457513335,4.323840444217003,-170.78994062877638,30.0,3.3505568329145845,[30.0 3.3505568329145845],630.7788343247429,False,True,5.9727326599559705,78,17.709159380834848,741.77,in_progress,0.0
232,18.0,1.6241461704389601,4.28305996465568,-164.98867945340592,-19.570634440112602,3.5081339109168814,[-19.570634440112602 3.5081339109168814],682.8201522510981,False,True,6.477388131419293,78,17.709159380834848,741.838,in_progress,0.0
232,19.0,1.5202558379527766,4.231897356949673,-160.44330051610854,30.0,1.1215963351484803,[30.0 1.1215963351484803],722.63715555219,False,True,7.114211922007052,79,17.709159380834848,741.908,in_progress,0.0
232,20.0,1.4260719202412264,4.19664649335553,-160.14719638944243,-13.914940856853868,2.5478314893610943,[-13.914940856853868 2.5478314893610943],820.9486174957069,False,True,7.95470302602096,80,17.709159380834848,741.991,in_progress,0.0
232,21.0,1.2560324899868565,4.141296432611382,-161.83049770411952,30.0,1.0,[30.0 1.0],941.6747173340667,False,True,9.316747173340667,82,17.709159380834848,742.041,in_progress,0.0
232,22.0,1.2008438939144637,4.13163860352263,-164.33444561811632,-16.259007475307236,1.2708883960358275,[-16.259007475307236 1.2708883960358275],996.5530817335555,False,True,9.838441977731971,82,17.709159380834848,742.105,in_progress,0.0
232,23.0,1.0994288336831315,4.114086070874056,-166.75413818349094,30.0,1.1522275642919566,[30.0 1.1522275642919566],1060.0642166964376,False,True,10.48541941053518,83,17.709159380834848,742.178,in_progress,0.0
232,24.0,0.9964447667607399,4.101479574157955,-169.22488487649684,29.509397317003703,4.0,[29.509397317003703 4.0],1133.0217175459188,False,True,10.93021717545919,84,17.709159380834848,742.24,in_progress,0.0
232,25.0,0.8896395209765999,4.080975769131339,-169.1597892877877,12.27113753563227,1.0,[12.27113753563227 1.0],1154.9625062857838,False,True,11.449625062857837,84,17.709159380834848,742.308,in_progress,0.0
232,26.0,0.796714920899823,4.051547144482522,-166.53803064743877,-13.574882661507285,1.0275405910543547,[-13.574882661507285 1.0275405910543547],1198.2723904442535,False,True,11.8799698453371,85,17.709159380834848,742.398,in_progress,0.0
232,27.0,0.6674714503365684,4.011200086517012,-164.87873026755733,29.375138585905354,4.0,[29.375138585905354 4.0],1274.8630932640149,False,True,12.348630932640148,85,17.709159380834848,742.434,in_progress,0.0
232,28.0,0.6205775913009492,3.998666548312355,-164.54854331745912,21.261990243313697,3.0019506389650656,[21.261990243313697 3.0019506389650656],1281.8786658069896,False,True,12.51859159417339,86,17.709159380834848,742.508,in_progress,0.0
232,29.0,0.5293832817807637,3.960721296014716,-161.76218538040342,24.46031083406025,1.0,[24.46031083406025 1.0],1301.0841910127835,False,True,12.910841910127836,86,17.709159380834848,742.57,in_progress,0.0
232,30.0,0.43102807689188594,3.9020035554368477,-156.19647996224916,-30.0,2.1508304114432133,[-30.0 2.1508304114432133],1332.0455965446329,False,True,13.105372924302007,86,17.709159380834848,742.64,in_progress,0.0
232,31.0,0.3498556952782193,3.8532821035885227,-153.86699594275254,30.0,1.0,[30.0 1.0],0.0,False,False,13.471437083870352,87,17.709159380834848,742.713,in_progress,0.0
232,32.0,0.26762205136775474,3.814804222029559,-154.31005042435808,30.0,2.046579879466657,[30.0 2.046579879466657],0.0,False,False,13.750280088722079,87,17.709159380834848,742.769,in_progress,0.0
232,33.0,0.1839751871342074,3.7602066913171854,-151.47552983794637,30.0,1.0,[30.0 1.0],0.0,False,False,13.750280088722079,87,17.709159380834848,742.823,in_progress,0.0
232,34.0,0.1149668763614761,3.70150691474203,-147.40450710625248,-30.0,1.2368976681289408,[-30.0 1.2368976681289408],0.0,False,False,14.03000036501767,87,17.709159380834848,742.909,in_progress,0.0
232,35.0,0.04237043063838902,3.6409301862333985,-144.87241009521784,-30.0,2.9313089055970654,[-30.0 2.9313089055970654],0.0,True,False,14.390428641646302,88,17.709159380834848,742.972,off_track,0.0
233,1.0,1.7378133197271457,4.476972037027342,-178.43293451665406,30.0,2.680503185389405,[30.0 2.680503185389405],0.0,False,True,0.7910567383611067,78,17.709159380834848,743.105,prepare,0.0
233,2.0,1.7379031774599158,4.4770115602473215,-178.43605380624365,-9.939702230550406,1.9419994058517822,[-9.939702230550406 1.9419994058517822],98.47422180125645,False,True,0.7905422774273863,78,17.709159380834848,743.166,in_progress,0.0
233,3.0,1.7285799076205275,4.477923808972039,-178.72683795067272,-30.0,1.0,[-30.0 1.0],94.29914046016451,False,True,0.8429914046016451,78,17.709159380834848,743.23,in_progress,0.0
233,4.0,1.707051163091783,4.488538985368875,178.73755097250955,20.46959912995711,1.6408227558165425,[20.46959912995711 1.6408227558165425],112.66089147255111,False,True,0.9625266391438569,78,17.709159380834848,743.302,in_progress,0.0
233,5.0,1.6704832082669665,4.498550359968422,176.64866373533496,30.0,1.0,[30.0 1.0],126.59061040642737,False,True,1.1659061040642738,78,17.709159380834848,743.375,in_progress,0.0
233,6.0,1.633743007568287,4.493115603240988,178.41744574589853,23.932519710565643,1.0,[23.932519710565643 1.0],147.4457171929322,False,True,1.374457171929322,78,17.709159380834848,743.44,in_progress,0.0
233,7.0,1.5824217408282177,4.472058889965961,-176.43511981271783,30.0,1.0,[30.0 1.0],176.8903066227445,False,True,1.668903066227445,79,17.709159380834848,743.506,in_progress,0.0
233,8.0,1.5350019776447237,4.442382956544903,-170.1311061766082,14.949969453633926,1.0,[14.949969453633926 1.0],204.7618154512587,False,True,1.947618154512587,79,17.709159380834848,743.576,in_progress,0.0
233,9.0,1.474872097690837,4.401597333519155,-163.41777643715932,9.528798952616555,1.3972070222172603,[9.528798952616555 1.3972070222172603],244.22262107121304,False,True,2.3025055084904045,79,17.709159380834848,743.65,in_progress,0.0
233,10.0,1.4102301452633244,4.361751620999475,-159.0942629543667,1.528374794935317,2.8578315128862064,[1.528374794935317 2.8578315128862064],296.8218761291408,False,True,2.682435610002787,80,17.709159380834848,743.683,in_progress,0.0
233,11.0,1.3195995355291983,4.307312052768419,-155.31569636611187,30.0,1.0,[30.0 1.0],346.81614225464784,False,True,3.3681614225464784,81,17.709159380834848,743.763,in_progress,0.0
233,12.0,1.269643853433279,4.275585878287111,-153.6639964603397,-30.0,4.0,[-30.0 4.0],427.9975771628652,False,True,3.879975771628652,81,17.709159380834848,743.835,in_progress,0.0
233,13.0,1.2098188471623417,4.236229764088101,-152.05659653098047,21.992207661700064,1.0,[21.992207661700064 1.0],438.3273299167223,False,True,4.283273299167223,82,17.709159380834848,743.909,in_progress,0.0
233,14.0,1.1178675165808245,4.189708481011442,-151.94865226186695,17.497091087593134,1.0,[17.497091087593134 1.0],509.4431662485111,False,True,4.994431662485111,83,17.709159380834848,743.973,in_progress,0.0
233,15.0,1.0570783785687679,4.147144641207431,-149.9101661907686,30.0,1.146701231320273,[30.0 1.146701231320273],562.3575550451916,False,True,5.508905427319888,83,17.709159380834848,744.04,in_progress,0.0
233,16.0,0.9929783890241903,4.089399033474533,-145.98356070735628,30.0,2.3876978316837567,[30.0 2.3876978316837567],623.2551918986869,False,True,5.993782135818493,84,17.709159380834848,744.107,in_progress,0.0
233,17.0,0.937821662478405,4.021493868450462,-140.2892234875809,30.0,4.0,[30.0 4.0],697.6961710883388,False,True,6.576961710883388,84,17.709159380834848,744.173,in_progress,0.0
233,18.0,0.8865457663233648,3.932222207257733,-132.3432066345153,-0.08875106696631008,1.604800745157529,[-0.08875106696631008 1.604800745157529],742.8066956062503,False,True,7.26758688154675,85,17.709159380834848,744.238,in_progress,0.0
233,19.0,0.835275269950635,3.832559827710612,-124.06966891987533,30.0,1.0,[30.0 1.0],810.4515773776922,False,True,8.004515773776921,86,17.709159380834848,744.306,in_progress,0.0
233,20.0,0.795106893903169,3.753640384929727,-119.9253714364682,25.22423679570405,4.0,[25.22423679570405 4.0],888.8122528855758,False,True,8.488122528855758,87,17.709159380834848,744.367,in_progress,0.0
233,21.0,0.7572709787874369,3.664512442228788,-115.84698374099446,-5.748537750931064,1.9954071823077593,[-5.748537750931064 1.9954071823077593],927.2589621108909,False,True,9.073048902878133,87,17.709159380834848,744.438,in_progress,0.0
233,22.0,0.721947139998775,3.5678842070308443,-112.9607113102228,30.0,3.167615485117777,[30.0 3.167615485117777],995.2046845290761,False,True,9.635285296778983,88,17.709159380834848,744.502,in_progress,0.0
233,23.0,0.6796884694148264,3.4121172095384518,-108.20956254868649,30.0,1.0,[30.0 1.0],1058.2265965820936,False,True,10.482265965820936,89,17.709159380834848,744.573,in_progress,0.0
233,24.0,0.6706703116914233,3.3352232848175767,-103.94916860942493,27.301839314052884,3.676122294065398,[27.301839314052884 3.676122294065398],1127.2144868559683,False,True,10.904532639153143,90,17.709159380834848,744.642,in_progress,0.0
233,25.0,0.6639990303344795,3.221347562197915,-99.15724667167115,21.32188850147962,3.238756497923359,[21.32188850147962 3.238756497923359],1181.623705832375,False,True,11.492361408531416,90,17.709159380834848,744.706,in_progress,0.0
233,26.0,0.6677102370818232,3.086495453617771,-93.84228613291393,8.712372840920885,2.0650480604794996,[8.712372840920885 2.0650480604794996],1242.1329140487271,False,True,12.214824334439323,91,17.709159380834848,744.776,in_progress,0.0
233,27.0,0.6845843433744884,2.954702789200785,-88.17388434788406,30.0,3.8320281562043994,[30.0 3.8320281562043994],1334.025398207279,False,True,12.957051166452349,92,17.709159380834848,744.837,in_progress,0.0
233,28.0,0.7142493776867868,2.8112502314959777,-82.44724405343158,30.0,4.0,[30.0 4.0],1420.4869415354437,False,True,13.804869415354437,93,17.709159380834848,744.91,in_progress,0.0
233,29.0,0.77687622287498,2.633872562707219,-73.98742124520898,30.0,3.100797953767629,[30.0 3.100797953767629],1519.959230312631,False,True,14.889512507749547,94,17.709159380834848,744.965,in_progress,0.0
233,30.0,0.832552052620024,2.5162402306172136,-67.63659694166746,30.0,1.0,[30.0 1.0],1570.3566512876944,False,True,15.603566512876943,95,17.709159380834848,745.039,in_progress,0.0
233,31.0,0.927634405611735,2.347151635081949,-57.1337539017712,-7.244249311889497,1.0,[-7.244249311889497 1.0],1674.7469536754866,False,True,16.647469536754866,96,17.709159380834848,745.101,in_progress,0.0
233,32.0,0.9846404345446857,2.2626479102522725,-50.91257083258832,-30.0,1.0,[-30.0 1.0],1728.0025839698287,False,True,17.18002583969829,97,17.709159380834848,745.169,in_progress,0.0
233,33.0,1.046687092120932,2.1705259482837973,-44.86969109832576,-30.0,4.0,[-30.0 4.0],1816.0489562996938,False,True,17.760489562996938,98,17.709159380834848,745.242,in_progress,0.0
233,34.0,1.1147617588212881,2.0611293976631857,-43.561883157279425,-30.0,1.472736272355701,[-30.0 1.472736272355701],1859.0667203253145,False,True,18.443393576017574,98,17.709159380834848,745.307,in_progress,0.0
233,35.0,1.1648381259973064,1.9552683391660313,-47.93409341358991,-12.625115727207156,1.0,[-12.625115727207156 1.0],1918.5897057421273,False,True,19.085897057421274,99,17.709159380834848,745.378,in_progress,0.0
233,36.0,1.209899101126956,1.8545984988494013,-54.34287968429022,-26.88118109267822,1.0,[-26.88118109267822 1.0],1979.412632042211,False,True,19.69412632042211,100,17.709159380834848,745.442,in_progress,0.0
233,37.0,1.2505023199485998,1.7642164171046129,-58.62917467447454,-11.984313403740359,3.4346847222663945,[-11.984313403740359 3.4346847222663945],2058.4354719898424,False,True,20.240886247671785,101,17.709159380834848,745.481,in_progress,0.0
233,38.0,1.2926215064519466,1.640190376148418,-64.58974101225263,-6.958354933862726,1.1698868272356462,[-6.958354933862726 1.1698868272356462],2109.4544375912883,False,True,20.97755569318932,101,17.709159380834848,745.557,in_progress,0.0
233,39.0,1.3134692992534915,1.5680722059313343,-68.09318212580204,-9.925342940751644,1.0,[-9.925342940751644 1.0],2150.0294227794034,False,True,21.400294227794035,102,17.709159380834848,745.641,in_progress,0.0
233,40.0,1.3322167038813135,1.478690664690288,-72.27110935547942,-30.0,2.303415361741677,[-30.0 2.303415361741677],2215.345032351482,False,True,21.923108787340652,103,17.709159380834848,745.705,in_progress,0.0
233,41.0,1.3411661562891368,1.380870536413728,-76.94171573439164,-5.580335888253668,3.3413912682038935,[-5.580335888253668 3.3413912682038935],2287.8259415418956,False,True,22.544120288598567,103,17.709159380834848,745.771,in_progress,0.0
233,42.0,1.3431978749686564,1.273931496935852,-81.87164341076358,10.53090034020584,1.0,[10.53090034020584 1.0],2330.366803682452,False,True,23.20366803682452,104,17.709159380834848,745.84,in_progress,0.0
233,43.0,1.3574744042631879,1.1548256482596722,-82.73067993825309,30.0,1.6649177665598238,[30.0 1.6649177665598238],2402.6046352466233,False,True,23.85955457581025,105,17.709159380834848,745.906,in_progress,0.0
233,44.0,1.3834849386542782,1.0602513811835275,-79.52239089324061,9.912252383214955,2.8201877046551083,[9.912252383214955 2.8201877046551083],2483.346376006569,False,True,24.551444989600178,106,17.709159380834848,745.969,in_progress,0.0
233,45.0,1.4244713357065855,0.951938017710805,-75.10875303146916,26.035631351768203,2.3584877602895338,[26.035631351768203 2.3584877602895338],2545.6784509261724,False,True,25.220935733232775,106,17.709159380834848,746.039,in_progress,0.0
233,46.0,1.4832293935953509,0.8381643312986098,-69.39862532824804,30.0,2.300561337248383,[30.0 2.300561337248383],2617.4193467499804,False,True,25.944137333774965,107,17.709159380834848,746.108,in_progress,0.0
233,47.0,1.5426604589669815,0.7475540543227541,-64.21399582049418,13.675987095354216,1.0,[13.675987095354216 1.0],2657.9882052576363,False,True,26.479882052576365,108,17.709159380834848,746.17,in_progress,0.0
233,48.0,1.6273453460613003,0.6441528923597473,-57.6381201957063,9.907853748054464,2.9017095618833944,[9.907853748054464 2.9017095618833944],2736.617748399738,False,True,27.07600652780904,109,17.709159380834848,746.246,in_progress,0.0
233,49.0,1.7102342070721261,0.5571363247294429,-52.752284394359876,30.0,3.6588685708685604,[30.0 3.6588685708685604],2792.618260048581,False,True,27.560295743398953,109,17.709159380834848,746.309,in_progress,0.0
233,50.0,1.8123423078121428,0.4696925799823569,-46.08066003686329,30.0,3.606804518635812,[30.0 3.606804518635812],2858.6954553124365,False,True,28.226274101260785,110,17.709159380834848,746.385,in_progress,0.0
233,51.0,1.9713744784548544,0.37238124224280245,-34.58678047897589,6.83548227285241,2.4112093824901417,[6.83548227285241 2.4112093824901417],2931.821856999008,False,True,29.07709763174107,111,17.709159380834848,746.437,in_progress,0.0
233,52.0,2.122247585502141,0.3058604451186171,-23.20663990425126,-15.746273599098554,3.0730333550961495,[-15.746273599098554 3.0730333550961495],0.0,False,False,29.874348704435093,112,17.709159380834848,746.508,in_progress,0.0
233,53.0,2.2102282746438653,0.26897274630732265,-18.90376241015475,10.659508626405852,2.8911899227909608,[10.659508626405852 2.8911899227909608],0.0,False,False,30.24580191638171,112,17.709159380834848,746.608,in_progress,0.0
233,54.0,2.433282421870312,0.17709555012848666,-13.59307409784222,22.039125652392066,3.773234010593624,[22.039125652392066 3.773234010593624],0.0,False,False,31.363141592991827,114,17.709159380834848,746.64,in_progress,0.0
233,55.0,2.522255451206188,0.1474876812890183,-12.105588116158712,-24.866223100493798,3.7324866431055206,[-24.866223100493798 3.7324866431055206],0.0,True,False,31.870178846904572,114,17.709159380834848,746.702,off_track,0.0
234,1.0,0.9300817152961994,4.196480637810121,-140.8388843189288,7.552175068767852,4.0,[7.552175068767852 4.0],0.0,False,True,0.7869308959476795,84,17.709159380834848,746.841,prepare,0.0
234,2.0,0.930228782259224,4.196520733757882,-140.82550600888894,22.56772028010588,1.0,[22.56772028010588 1.0],88.62035962858616,False,True,0.7862035962858616,84,17.709159380834848,746.91,in_progress,0.0
234,3.0,0.9252812282577414,4.190920183986569,-140.55216860593808,30.0,1.0,[30.0 1.0],92.83957172936951,False,True,0.8283957172936951,84,17.709159380834848,746.976,in_progress,0.0
234,4.0,0.9142701491745815,4.1720165942779746,-138.7571061413139,11.36028557983932,3.114262751023009,[11.36028557983932 3.114262751023009],126.05674671812403,False,True,0.9491411920789394,84,17.709159380834848,747.039,in_progress,0.0
234,5.0,0.8954622848279181,4.1379165405357075,-135.53657461518557,-30.0,4.0,[-30.0 4.0],156.29350699423168,False,True,1.1629350699423169,84,17.709159380834848,747.1,in_progress,0.0
234,6.0,0.8561060703086174,4.104455303898124,-136.37224124506338,29.00028293923811,4.0,[29.00028293923811 4.0],184.50241885569204,False,True,1.4450241885569204,84,17.709159380834848,747.173,in_progress,0.0
234,7.0,0.8037111795763792,4.075624846000027,-139.62520148026394,1.419249314981684,1.0,[1.419249314981684 1.0],184.5054227045917,False,True,1.7450542270459168,85,17.709159380834848,747.242,in_progress,0.0
234,8.0,0.7480144143197409,4.032496831503142,-140.4793426961012,30.0,2.8855284093711413,[30.0 2.8855284093711413],235.3102490937683,False,True,2.064549650000569,85,17.709159380834848,747.296,in_progress,0.0
234,9.0,0.6964458201971526,3.9873246733657,-139.892577192918,-30.0,1.0,[-30.0 1.0],250.75332193422284,False,True,2.4075332193422283,85,17.709159380834848,747.376,in_progress,0.0
234,10.0,0.6430810217353868,3.932710247228748,-137.5910963785151,-16.671176219738555,3.064337329445327,[-16.671176219738555 3.064337329445327],311.65627973375297,False,True,2.8101290643929966,86,17.709159380834848,747.442,in_progress,0.0
234,11.0,0.5794126500530451,3.882799900523112,-138.96354244168944,5.4140598141293665,1.0,[5.4140598141293665 1.0],313.3659947289535,False,True,3.0336599472895354,86,17.709159380834848,747.501,in_progress,0.0
234,12.0,0.5119683526358223,3.8325233506694274,-140.59824991762176,-24.78798715508355,4.0,[-24.78798715508355 4.0],379.18667656150035,False,True,3.3918667656150037,87,17.709159380834848,747.568,in_progress,0.0
234,13.0,0.4389839889279912,3.7793954311190308,-141.8601759478532,13.330847083735279,1.3871399479460305,[13.330847083735279 1.3871399479460305],388.8994083516672,False,True,3.750280088722069,87,17.709159380834848,747.63,in_progress,0.0
234,14.0,0.353783423155003,3.7193821705520427,-143.12756884553957,9.314423648234865,2.988065889316121,[9.314423648234865 2.988065889316121],416.63896948422223,False,True,3.8675831059106103,87,17.709159380834848,747.71,in_progress,0.0
234,15.0,0.2833443450207166,3.6597013967175296,-141.8813104051121,14.619700617475559,1.8479632568770574,[14.619700617475559 1.8479632568770574],0.0,False,False,4.222401058423209,88,17.709159380834848,747.773,in_progress,0.0
234,16.0,0.20650001067718843,3.58457188968527,-139.39215211252727,-27.64082672800205,3.56879109046331,[-27.64082672800205 3.56879109046331],0.0,False,False,4.6025140659755825,88,17.709159380834848,747.84,in_progress,0.0
234,17.0,0.12771346946176232,3.5067396530025756,-138.00271557094499,-30.0,4.0,[-30.0 4.0],0.0,False,False,4.807305093850179,88,17.709159380834848,747.905,in_progress,0.0
234,18.0,0.026040229711120605,3.434010390387217,-140.9712104910438,-30.0,2.7938338371321385,[-30.0 2.7938338371321385],0.0,True,False,5.187882654274034,89,17.709159380834848,747.977,off_track,0.0
235,1.0,0.7180040941523179,3.3627400523511866,-87.0612485019271,29.109995397220317,1.0,[29.109995397220317 1.0],0.0,False,True,0.7894603252570964,89,17.709159380834848,748.104,prepare,0.0
235,2.0,0.7180821909870908,3.3628252092568918,-87.04823796134707,12.63756274449387,3.081981261444488,[12.63756274449387 3.081981261444488],109.72464571664065,False,True,0.7890483310219576,89,17.709159380834848,748.172,in_progress,0.0
235,3.0,0.7157086338513408,3.3533995266511707,-87.7901952353045,-7.358637531474763,1.5992471509722348,[-7.358637531474763 1.5992471509722348],99.96985249895648,False,True,0.8397738098923413,89,17.709159380834848,748.24,in_progress,0.0
235,4.0,0.7071562585553958,3.3290319892727975,-90.13947825561978,30.0,1.4296143593364716,[30.0 1.4296143593364716],111.18980182791171,False,True,0.9689365823454699,90,17.709159380834848,748.307,in_progress,0.0
235,5.0,0.7045617247255974,3.293813091602962,-90.77662649713581,-25.867050709440203,3.4136166528637375,[-25.867050709440203 3.4136166528637375],150.49594663735422,False,True,1.1635978010871684,90,17.709159380834848,748.37,in_progress,0.0
235,6.0,0.7106151192795465,3.2428234873353303,-90.04461947120255,30.0,2.313063930812777,[30.0 2.313063930812777],166.8027021109465,False,True,1.4367206280281875,90,17.709159380834848,748.44,in_progress,0.0
235,7.0,0.7114537514286275,3.183905753289587,-89.8781702876773,-10.355969084228661,4.0,[-10.355969084228661 4.0],216.11158380477886,False,True,1.7611158380477887,91,17.709159380834848,748.504,in_progress,0.0
235,8.0,0.7131913745677554,3.1201780138627955,-89.63583635712803,9.219668802883213,2.4718043577970907,[9.219668802883213 2.4718043577970907],236.028299339211,False,True,2.1131025576124007,91,17.709159380834848,748.572,in_progress,0.0
235,9.0,0.7090404457603479,3.037288741216907,-90.76052340101067,12.26889126598384,1.0,[12.26889126598384 1.0],264.5469530505529,False,True,2.5454695305055286,91,17.709159380834848,748.642,in_progress,0.0
235,10.0,0.7137394636810005,2.9491108657398235,-89.43761679136756,30.0,1.0,[30.0 1.0],314.90020412998865,False,True,3.0490020412998864,92,17.709159380834848,748.705,in_progress,0.0
235,11.0,0.7252846602985943,2.8664060594124376,-87.10834934431536,8.684868723409174,1.0164752536300041,[8.684868723409174 1.0164752536300041],361.95186702325003,False,True,3.5178711448695,93,17.709159380834848,748.773,in_progress,0.0
235,12.0,0.7397593663634231,2.7919710815253556,-84.67079896301189,-16.150749044462376,1.0,[-16.150749044462376 1.0],406.46524903877213,False,True,3.964652490387721,93,17.709159380834848,748.842,in_progress,0.0
235,13.0,0.7504764594665969,2.728049198891105,-83.63625331619664,-0.9455317997950132,2.5978553848940624,[-0.9455317997950132 2.5978553848940624],458.9968298114751,False,True,4.330182759625345,94,17.709159380834848,748.905,in_progress,0.0
235,14.0,0.7549972824939495,2.624065272843854,-85.2647508116124,30.0,1.8120639014981932,[30.0 1.8120639014981932],509.99107460342486,False,True,4.9187043558844294,94,17.709159380834848,748.97,in_progress,0.0
235,15.0,0.7597227979829345,2.5635422992135397,-85.57425430175131,30.0,1.0,[30.0 1.0],535.8780864666369,False,True,5.2587808646663685,95,17.709159380834848,749.041,in_progress,0.0
235,16.0,0.7798918977628656,2.478867752667385,-82.56676969779289,0.7695238220482459,1.0,[0.7695238220482459 1.0],584.9869240859173,False,True,5.749869240859173,95,17.709159380834848,749.103,in_progress,0.0
235,17.0,0.7979973589603017,2.4069333073874377,-80.67611957142702,30.0,1.5004810909378365,[30.0 1.5004810909378365],631.8411756758704,False,True,6.16836364766492,96,17.709159380834848,749.17,in_progress,0.0
235,18.0,0.8210640192451203,2.326385268537719,-78.56197039720327,0.9844534173987718,2.154776152050446,[0.9844534173987718 2.154776152050446],685.5690336685354,False,True,6.64021272148031,96,17.709159380834848,749.236,in_progress,0.0
235,19.0,0.8515713588791421,2.2186931035503195,-76.98420646817358,-15.304469339135622,1.0,[-15.304469339135622 1.0],737.0610793516807,False,True,7.270610793516807,97,17.709159380834848,749.307,in_progress,0.0
235,20.0,0.8616947521026997,2.1560712312201855,-77.80014338739758,27.64095729046901,1.0,[27.64095729046901 1.0],772.8467152535156,False,True,7.628467152535157,97,17.709159380834848,749.378,in_progress,0.0
235,21.0,0.8708153053426828,2.069797147475286,-80.01319530649454,0.17876854194982883,1.8612466910722407,[0.17876854194982883 1.8612466910722407],830.2054501866497,False,True,8.115929832759273,98,17.709159380834848,749.443,in_progress,0.0
235,22.0,0.8831279879280739,1.9780538098822138,-80.87387557586054,10.97804811400107,2.2106627416353315,[10.97804811400107 2.2106627416353315],885.8382118712819,False,True,8.637315844549287,99,17.709159380834848,749.507,in_progress,0.0
235,23.0,0.9035437840955262,1.8761699990523317,-80.00578560122415,-3.456293378174376,1.0,[-3.456293378174376 1.0],932.4301310352157,False,True,9.224301310352157,99,17.709159380834848,749.574,in_progress,0.0
235,24.0,0.9259286469440564,1.7789959978448397,-78.86407965992109,8.297330490858315,2.5333528329325796,[8.297330490858315 2.5333528329325796],1004.0162951765933,False,True,9.786827668472675,100,17.709159380834848,749.643,in_progress,0.0
235,25.0,0.9521083776864371,1.672879441242288,-77.69449543322148,27.366327081763004,1.9899846382985888,[27.366327081763004 1.9899846382985888],1060.2581581205297,False,True,10.403583117375437,101,17.709159380834848,749.708,in_progress,0.0
235,26.0,0.9976425196867025,1.5614919568031813,-73.38423974315549,30.0,1.0,[30.0 1.0],1117.0086561713965,False,True,11.070086561713966,102,17.709159380834848,749.771,in_progress,0.0
235,27.0,1.058203678822753,1.4550382187893094,-67.3696286254286,-9.289681069203798,4.0,[-9.289681069203798 4.0],1212.5781505611722,False,True,11.725781505611721,102,17.709159380834848,749.839,in_progress,0.0
235,28.0,1.1153978259862227,1.367990455158151,-62.94950797741637,-30.0,1.0,[-30.0 1.0],1237.4593840489945,False,True,12.274593840489946,103,17.709159380834848,749.905,in_progress,0.0
235,29.0,1.1574792021489566,1.2894338413212507,-61.52202234883636,22.103938149876704,1.0,[22.103938149876704 1.0],1285.077528591586,False,True,12.75077528591586,104,17.709159380834848,749.972,in_progress,0.0
235,30.0,1.2016441487496632,1.2051416009626166,-61.197097189851995,30.0,3.458813415280102,[30.0 3.458813415280102],1362.098830420253,False,True,13.27510696267452,104,17.709159380834848,750.027,in_progress,0.0
235,31.0,1.2674666854309238,1.1037903206841795,-59.254937643521025,-26.077183467819587,1.375416417635665,[-26.077183467819587 1.375416417635665],1408.0898068125152,False,True,13.943356426361586,105,17.709159380834848,750.107,in_progress,0.0
235,32.0,1.307239095020749,1.0543681235217284,-56.687605359036056,30.0,1.6226751539153978,[30.0 1.6226751539153978],1449.0911841482884,False,True,14.328644326091345,105,17.709159380834848,750.174,in_progress,0.0
235,33.0,1.3727582395850337,0.9815337110232626,-53.17670681233161,30.0,4.0,[30.0 4.0],1530.111262242795,False,True,14.901112622427949,106,17.709159380834848,750.242,in_progress,0.0
235,34.0,1.4596450323841488,0.9102946839679111,-47.492628722300445,30.0,2.3705430454263285,[30.0 2.3705430454263285],1576.5620973335663,False,True,15.528566668793031,107,17.709159380834848,750.303,in_progress,0.0
235,35.0,1.555818098338861,0.8554575289035822,-39.7445690938603,13.117273821940799,1.0,[13.117273821940799 1.0],1636.094036266127,False,True,16.26094036266127,108,17.709159380834848,750.374,in_progress,0.0
235,36.0,1.6657464969758835,0.8108501471095342,-31.300391290183104,30.0,2.948830837297746,[30.0 2.948830837297746],1727.6576760597623,False,True,16.98169367686785,109,17.709159380834848,750.444,in_progress,0.0
235,37.0,1.7786187803765054,0.7743013116169601,-24.857152807988307,30.0,2.7541487253500696,[30.0 2.7541487253500696],1796.0814981151484,False,True,17.685400108616477,109,17.709159380834848,750.507,in_progress,0.0
235,38.0,1.9021848780219934,0.7530472299249982,-17.206710819368052,28.0714613823569,3.5124758524754647,[28.0714613823569 3.5124758524754647],1876.3111368837135,False,True,18.411863783589588,110,17.709159380834848,750.576,in_progress,0.0
235,39.0,2.039642429901168,0.74733591142877,-7.463695932200119,8.790788043737734,1.0,[8.790788043737734 1.0],1930.707688920732,False,True,19.20707688920732,111,17.709159380834848,750.641,in_progress,0.0
235,40.0,2.1695304180994888,0.7592171422911086,4.628818176166776,-30.0,1.0,[-30.0 1.0],2006.268677242363,False,True,19.96268677242363,112,17.709159380834848,750.707,in_progress,0.0
235,41.0,2.2805303014124023,0.7709414556443629,14.658582678529404,-30.0,1.0,[-30.0 1.0],2068.8088252310476,False,True,20.588088252310477,113,17.709159380834848,750.772,in_progress,0.0
235,42.0,2.3971845500473794,0.7677868292645615,19.42844481172032,-7.258459914449741,3.2298166291016597,[-7.258459914449741 3.2298166291016597],2159.957029271969,False,True,21.276588629809524,114,17.709159380834848,750.84,in_progress,0.0
235,43.0,2.475004423208445,0.764652798137758,20.151894780557814,-27.668239258915285,3.594571732641052,[-27.668239258915285 3.594571732641052],2207.279342197455,False,True,21.713336248710448,114,17.709159380834848,750.906,in_progress,0.0
235,44.0,2.5925470591849518,0.7587489521927583,16.29012797481627,16.593934918364212,1.0,[16.593934918364212 1.0],2247.5694948759083,False,True,22.375694948759083,115,17.709159380834848,750.972,in_progress,0.0
235,45.0,2.693665319710738,0.7492397865676746,9.834910536542145,11.115291849439274,1.5492748934734217,[11.115291849439274 1.5492748934734217],2309.370235456063,False,True,22.938774865213286,116,17.709159380834848,751.04,in_progress,0.0
235,46.0,2.803221309510589,0.7546349350162269,6.981099142430142,-27.318999354338658,3.013465534469719,[-27.318999354338658 3.013465534469719],2385.2794462499987,False,True,23.551447909053014,116,17.709159380834848,751.11,in_progress,0.0
235,47.0,2.910508746078099,0.7634886339962101,5.899011886792304,30.0,4.0,[30.0 4.0],2455.572634637042,False,True,24.15572634637042,117,17.709159380834848,751.169,in_progress,0.0
235,48.0,3.037176041922165,0.771705890908876,5.180154719560123,-20.909585495290045,1.694676647103528,[-20.909585495290045 1.694676647103528],2504.02872653391,False,True,24.870819600628746,118,17.709159380834848,751.247,in_progress,0.0
235,49.0,3.1663150799660156,0.7912276677858258,7.637061247972521,-30.0,1.7537150364071674,[-30.0 1.7537150364071674],2577.917375336601,False,True,25.60380224972529,1,17.709159380834848,751.273,in_progress,0.0
235,50.0,3.3353316611653305,0.7962508903700369,4.271765552899097,10.932437305527344,1.2922023843864532,[10.932437305527344 1.2922023843864532],2668.644824418774,False,True,26.557228005749096,2,17.709159380834848,751.366,in_progress,0.0
235,51.0,3.4590465444617746,0.7918825143919231,1.5219109191452174,-3.9110400783378623,2.7376742632958195,[-3.9110400783378623 2.7376742632958195],2752.876709572085,False,True,27.254999669391268,3,17.709159380834848,751.436,in_progress,0.0
235,52.0,3.5141554219035815,0.7940301484060033,1.6109734642421647,-30.0,2.5471300643514603,[-30.0 2.5471300643514603],2782.0993055796116,False,True,27.56628004936097,3,17.709159380834848,751.505,in_progress,0.0
235,53.0,3.628434944903198,0.7937394346977455,0.7722874115313726,30.0,1.4874527229654535,[30.0 1.4874527229654535],2836.033770825352,False,True,28.211592435956973,4,17.709159380834848,751.574,in_progress,0.0
235,54.0,3.7495911243084232,0.7865605211070494,-1.0787307131167707,-9.349064673680054,1.0,[-9.349064673680054 1.0],2899.570776384048,False,True,28.895707763840477,5,17.709159380834848,751.64,in_progress,0.0
235,55.0,3.871425629198641,0.7887553925463212,-0.2238942098213089,8.384906022678337,2.248361001999548,[8.384906022678337 2.248361001999548],2980.8507601329443,False,True,29.583671501129487,5,17.709159380834848,751.704,in_progress,0.0
235,56.0,3.9888015265860473,0.7956385152545398,1.328733217327934,-30.0,3.017244118044515,[-30.0 3.017244118044515],3054.8206819548536,False,True,30.246482407744082,6,17.709159380834848,751.775,in_progress,0.0
235,57.0,4.1232467009856935,0.8072616997275377,2.922370382288911,22.693589643873814,1.0,[22.693589643873814 1.0],3110.569393946513,False,True,31.005693939465132,7,17.709159380834848,751.843,in_progress,0.0
235,58.0,4.2445511062910635,0.8061612898336776,1.3168232441846703,-5.841560716388457,1.0,[-5.841560716388457 1.0],3179.067285836924,False,True,31.69067285836924,8,17.709159380834848,751.904,in_progress,0.0
235,59.0,4.3447842949564635,0.812811401365604,2.2414488145539857,-7.222958191417664,1.0,[-7.222958191417664 1.0],3235.668669478523,False,True,32.25668669478523,9,17.709159380834848,751.997,in_progress,0.0
235,60.0,4.48717191868406,0.8191123805494857,2.3541763348140194,-9.054002000662123,1.0,[-9.054002000662123 1.0],3316.0730176102084,False,True,33.06073017610208,10,17.709159380834848,752.038,in_progress,0.0
235,61.0,4.540527823240109,0.821164746849695,2.3270469940981733,-5.984441518066085,1.0,[-5.984441518066085 1.0],3346.2024155590093,False,True,33.36202415559009,10,17.709159380834848,752.113,in_progress,0.0
235,62.0,4.619694393391956,0.8215087779823091,1.7143987380300874,14.920561213231686,1.0,[14.920561213231686 1.0],3390.907152892401,False,True,33.80907152892401,10,17.709159380834848,752.171,in_progress,0.0
235,63.0,4.698022579021805,0.8249868392290414,1.996669238408895,30.0,1.0,[30.0 1.0],3435.1381957294598,False,True,34.2513819572946,11,17.709159380834848,752.245,in_progress,0.0
235,64.0,4.782278813162564,0.8432319144106676,5.33408025514234,-8.311670900720888,1.0,[-8.311670900720888 1.0],3482.7212910855214,False,True,34.727212910855215,12,17.709159380834848,752.287,in_progress,0.0
235,65.0,4.84483245064234,0.8543657718700168,6.529780890108808,10.993801532231174,1.0671792172811698,[10.993801532231174 1.0671792172811698],3518.7182584170782,False,True,35.080464662442665,12,17.709159380834848,752.374,in_progress,0.0
235,66.0,4.916290719237439,0.8641894658445817,6.857686630891815,-24.383781339419706,3.6219682078800415,[-24.383781339419706 3.6219682078800415],3584.6197270734992,False,True,35.48400044994699,12,17.709159380834848,752.441,in_progress,0.0
235,67.0,4.998722230274737,0.8740895906026268,6.543781278114382,-30.0,4.0,[-30.0 4.0],3634.9496031589915,False,True,35.949496031589916,13,17.709159380834848,752.506,in_progress,0.0
235,68.0,5.093908625972532,0.860485555898224,1.1908272977769794,-30.0,2.4319200265139136,[-30.0 2.4319200265139136],3673.0119826902323,False,True,36.486927824250934,14,17.709159380834848,752.572,in_progress,0.0
235,69.0,5.188153282824321,0.8273401719511075,-6.5508397219068915,30.0,1.1724113757734902,[30.0 1.1724113757734902],3713.6242533324053,False,True,37.019001395746706,14,17.709159380834848,752.64,in_progress,0.0
235,70.0,5.288859362409382,0.7851881313431616,-14.292636239512758,-30.0,3.0069019895262827,[-30.0 3.0069019895262827],3788.8286318459714,False,True,37.58759611950708,15,17.709159380834848,752.71,in_progress,0.0
235,71.0,5.408447203356709,0.7398020670029286,-17.922195527679243,30.0,2.114272830626296,[30.0 2.114272830626296],3847.4280225352436,False,True,38.262852942289804,16,17.709159380834848,752.774,in_progress,0.0
235,72.0,5.515729573920121,0.689661431595067,-22.002495825825296,6.705387793201339,2.137128189925479,[6.705387793201339 2.137128189925479],3908.2271724701523,False,True,38.86855890570897,16,17.709159380834848,752.848,in_progress,0.0
235,73.0,5.62509181891668,0.6548430323253851,-20.65559157558303,30.0,1.0,[30.0 1.0],3958.611451545614,False,True,39.48611451545614,17,17.709159380834848,752.905,in_progress,0.0
235,74.0,5.737729140352177,0.6301619397291325,-17.119746544861627,30.0,1.7333451376170712,[30.0 1.7333451376170712],4029.5534080791267,False,True,40.12219956702956,18,17.709159380834848,752.976,in_progress,0.0
235,75.0,5.8454691674184485,0.6192420222868171,-12.62247053133919,30.0,2.2606070735617476,[30.0 2.2606070735617476],4095.8238934694023,False,True,40.73217822733785,19,17.709159380834848,753.043,in_progress,0.0
235,76.0,5.959297697592654,0.6244570446560573,-6.276507751676183,30.0,3.547148142212629,[30.0 3.547148142212629],4173.075986755024,False,True,41.37604505332898,19,17.709159380834848,753.103,in_progress,0.0
235,77.0,6.080409662617197,0.6445250989675786,0.7448466410702924,30.0,1.0,[30.0 1.0],4215.167927987807,False,True,42.05167927987807,20,17.709159380834848,753.179,in_progress,0.0
235,78.0,6.200360431710276,0.6835353770583522,10.712527543949186,29.799594897362724,2.9115292722072375,[29.799594897362724 2.9115292722072375],4302.5580994249285,False,True,42.73442806702856,21,17.709159380834848,753.244,in_progress,0.0
235,79.0,6.296297563394847,0.7268758473431933,19.011785788930023,-7.9462521313299455,2.671579019359477,[-7.9462521313299455 2.671579019359477],4356.090660180463,False,True,43.29374869986869,22,17.709159380834848,753.305,in_progress,0.0
235,80.0,6.392276169377251,0.781310489887393,26.947552669414492,30.0,4.0,[30.0 4.0],4428.271599214237,False,True,43.882715992142366,22,17.709159380834848,753.371,in_progress,0.0
235,81.0,6.505370952957442,0.8521241360953263,34.299731618497056,-0.7845823812658352,1.034422534707865,[-0.7845823812658352 1.034422534707865],4481.93636224878,False,True,44.71592136901701,23,17.709159380834848,753.433,in_progress,0.0
235,82.0,6.587019766087996,0.9278294869920346,44.48022235276366,-6.965296027489689,1.1645346686722444,[-6.965296027489689 1.1645346686722444],4557.117000170993,False,True,45.45471653484271,24,17.709159380834848,753.5,in_progress,0.0
235,83.0,6.657259643450345,1.0066704862025273,54.75903122674481,-9.121007561628318,1.0,[-9.121007561628318 1.0],4611.775066695972,False,True,46.01775066695972,25,17.709159380834848,753.568,in_progress,0.0
235,84.0,6.712228454884837,1.0854733826944893,63.95312657074966,-23.2903334361128,1.0,[-23.2903334361128 1.0],4673.385892157548,False,True,46.63385892157548,26,17.709159380834848,753.64,in_progress,0.0
235,85.0,6.753326855812282,1.1522365947159896,70.69081417448781,25.881252137764676,1.0,[25.881252137764676 1.0],4732.902025175937,False,True,47.229020251759366,26,17.709159380834848,753.709,in_progress,0.0
235,86.0,6.787759876308374,1.2157201333248449,76.04233916171428,-20.696726808773356,1.9345950421798004,[-20.696726808773356 1.9345950421798004],4780.621353608236,False,True,47.61275403186438,27,17.709159380834848,753.776,in_progress,0.0
235,87.0,6.823062653369069,1.29121245158386,78.9669195589525,-25.800169933675214,4.0,[-25.800169933675214 4.0],4880.586732632642,False,True,48.40586732632642,28,17.709159380834848,753.84,in_progress,0.0
235,88.0,6.872093251972834,1.378412704820109,75.40447121613818,-30.0,1.0,[-30.0 1.0],4930.550076139859,False,True,49.20550076139859,29,17.709159380834848,753.904,in_progress,0.0
235,89.0,6.928794323154338,1.4561097150660132,68.06873350194526,17.46170097891732,1.0,[17.46170097891732 1.0],5003.716090441427,False,True,49.93716090441427,29,17.709159380834848,753.973,in_progress,0.0
235,90.0,6.982596050158269,1.5291053997214585,63.21938825156117,12.15803544446635,1.0334316787113889,[12.15803544446635 1.0334316787113889],5071.632201599852,False,True,50.61297884812739,30,17.709159380834848,754.039,in_progress,0.0
235,91.0,7.0248922560653755,1.6099133742742733,63.04927051685918,29.53642327091687,2.3117610630790053,[29.53642327091687 2.3117610630790053],5163.1521687032755,False,True,51.40034558072485,31,17.709159380834848,754.108,in_progress,0.0
235,92.0,7.043973858386196,1.667572542916116,65.35849918790636,30.0,1.0,[30.0 1.0],5183.311501723331,False,True,51.73311501723331,32,17.709159380834848,754.175,in_progress,0.0
235,93.0,7.058741864601515,1.7580413090983111,70.67327778725664,6.529021700700433,1.0501694179376675,[6.529021700700433 1.0501694179376675],5260.070173241588,False,True,52.495684790622114,32,17.709159380834848,754.239,in_progress,0.0
235,94.0,7.0600414046091275,1.8223002442089324,75.2632500629088,11.35555739284986,1.0,[11.35555739284986 1.0],5295.50383303301,False,True,52.855038330330096,33,17.709159380834848,754.309,in_progress,0.0
235,95.0,7.056369946316223,1.8982278573543563,80.38474352980482,-2.440074162300462,1.0,[-2.440074162300462 1.0],5348.802964305629,False,True,53.38802964305629,34,17.709159380834848,754.351,in_progress,0.0
235,96.0,7.050769833057998,2.0096725022274615,85.27750195229854,13.455759363577322,1.0,[13.455759363577322 1.0],5422.937277819639,False,True,54.12937277819639,34,17.709159380834848,754.442,in_progress,0.0
235,97.0,7.047872396510276,2.047606813626736,86.69219442021176,30.0,1.3235011457548513,[30.0 1.3235011457548513],5446.952554847081,False,True,54.337175433895325,35,17.709159380834848,754.505,in_progress,0.0
235,98.0,7.035745318427061,2.115494073450498,90.4055605274856,30.0,3.1052742030447598,[30.0 3.1052742030447598],5516.495646578275,False,True,54.85442904547827,35,17.709159380834848,754.582,in_progress,0.0
235,99.0,6.9996922365237095,2.198597073698407,98.44645687709964,30.0,3.8487181502408507,[30.0 3.8487181502408507],5574.926046450419,False,True,55.3643886494801,36,17.709159380834848,754.642,in_progress,0.0
235,100.0,6.944667559653673,2.2716530551473646,108.68126075638466,30.0,1.0,[30.0 1.0],5611.310762754647,False,True,56.01310762754647,37,17.709159380834848,754.709,in_progress,0.0
235,101.0,6.8709160978607144,2.3408857770746594,122.32099413915445,13.777201028051024,3.385086833299385,[13.777201028051024 3.385086833299385],5703.30325056533,False,True,56.69452382232336,37,17.709159380834848,754.77,in_progress,0.0
235,102.0,6.7981939949481625,2.3987553874627308,132.85266776397933,30.0,2.110359041096179,[30.0 2.110359041096179],5754.708925924662,False,True,57.336053355137004,38,17.709159380834848,754.841,in_progress,0.0
235,103.0,6.710221935286433,2.443259032999255,145.20719883211987,-2.5558427993562276,1.9813755394806525,[-2.5558427993562276 1.9813755394806525],5808.0908119561245,False,True,57.882770565613185,39,17.709159380834848,754.884,in_progress,0.0
235,104.0,6.605206348067096,2.4874533989756418,157.3207287666852,29.219295763210738,3.517895420368377,[29.219295763210738 3.517895420368377],5903.057088251926,False,True,58.678781340482416,40,17.709159380834848,754.972,in_progress,0.0
235,105.0,6.503440251645335,2.515120898951796,166.87066240052644,19.096145539564496,2.0519685352257735,[19.096145539564496 2.0519685352257735],5964.761173930438,False,True,59.44241488578181,41,17.709159380834848,755.043,in_progress,0.0
235,106.0,6.395480523430136,2.5217999764465895,179.04040739549473,-2.659131543833741,2.5752297740331995,[-2.659131543833741 2.5752297740331995],6048.714062973347,False,True,60.22961765233015,42,17.709159380834848,755.106,in_progress,0.0
235,107.0,6.274248730346101,2.5135715459274213,-167.83316574027234,15.87292138507106,3.4617896932686496,[15.87292138507106 3.4617896932686496],6143.212023059015,False,True,61.08594126126329,43,17.709159380834848,755.17,in_progress,0.0
235,108.0,6.149808189809906,2.4855073851846705,-154.31867981715527,-30.0,1.6567327964735528,[-30.0 1.6567327964735528],6201.752569631366,False,True,61.851852416666304,43,17.709159380834848,755.244,in_progress,0.0
235,109.0,6.034736471875973,2.445716125032535,-139.38913197843436,-30.0,2.7156878400099997,[-30.0 2.7156878400099997],6282.442643969735,False,True,62.55285765569635,44,17.709159380834848,755.305,in_progress,0.0
235,110.0,5.933226141199928,2.4071191573740283,-130.30760721724448,16.477362005030358,2.6205453464656507,[16.477362005030358 2.6205453464656507],6338.991793241182,False,True,63.127863397765246,45,17.709159380834848,755.37,in_progress,0.0
235,111.0,5.809705982628058,2.3342311466115113,-117.12912586712126,28.86249358723316,4.0,[28.86249358723316 4.0],0.0,False,False,63.82987171290172,46,17.709159380834848,755.438,in_progress,0.0
235,112.0,5.745290352447946,2.279125265690953,-107.29905176535655,-6.102029061156841,1.962033376046681,[-6.102029061156841 1.962033376046681],0.0,False,False,64.19405109054318,46,17.709159380834848,755.506,in_progress,0.0
235,113.0,5.677271412253087,2.204907069733862,-92.49659710911043,0.1658772783708713,2.35289432391118,[0.1658772783708713 2.35289432391118],0.0,False,False,64.58146625883981,47,17.709159380834848,755.581,in_progress,0.0
235,114.0,5.6113964234448,2.1105673324487215,-75.92580756008361,30.0,1.1799467760375733,[30.0 1.1799467760375733],0.0,True,False,64.94187364765506,47,17.709159380834848,755.635,off_track,0.0
236,1.0,0.9213732979304246,2.5005335374255506,-78.27594465891752,8.745223579753691,1.0,[8.745223579753691 1.0],0.0,False,True,0.7921907876148548,95,17.709159380834848,755.77,prepare,0.0
236,2.0,0.9211962625833571,2.5007933490944487,-78.30704819935745,16.26846910717117,4.0,[16.26846910717117 4.0],119.05513493415839,False,True,0.7905513493415839,95,17.709159380834848,755.844,in_progress,0.0
236,3.0,0.9208342516548135,2.49466994898679,-78.56170793993884,19.750776427147542,4.0,[19.750776427147542 4.0],122.39947254644164,False,True,0.8239947254644164,95,17.709159380834848,755.908,in_progress,0.0
236,4.0,0.9265218845839458,2.4806183075681636,-77.91421872047917,17.865436526240977,4.0,[17.865436526240977 4.0],130.8207892431212,False,True,0.908207892431212,95,17.709159380834848,755.978,in_progress,0.0
236,5.0,0.9460085742877478,2.451693168361895,-74.71971934949356,30.0,2.248643243752264,[30.0 2.248643243752264],131.5337439441075,False,True,1.0904731150658487,96,17.709159380834848,756.039,in_progress,0.0
236,6.0,0.9852132444047362,2.4116359769168323,-68.350671549402,-23.746193315938378,1.0,[-23.746193315938378 1.0],145.68850537947986,False,True,1.3568850537947985,96,17.709159380834848,756.108,in_progress,0.0
236,7.0,1.0184810196558787,2.3684708911153245,-64.62426357082106,22.580755072848298,1.0,[22.580755072848298 1.0],173.3656823912244,False,True,1.633656823912244,96,17.709159380834848,756.174,in_progress,0.0
236,8.0,1.052147568533321,2.3199971301574744,-62.394693874133495,-30.0,2.081517772996892,[-30.0 2.081517772996892],214.8405070767409,False,True,1.9402532934677197,97,17.709159380834848,756.243,in_progress,0.0
236,9.0,1.0969655164203995,2.2609936842098763,-59.94223105682519,-30.0,3.3621320989545405,[-30.0 3.3621320989545405],265.4079996094895,False,True,2.3178667861994406,97,17.709159380834848,756.309,in_progress,0.0
236,10.0,1.125941549715572,2.18948280930347,-62.371674995489634,-30.0,1.0,[-30.0 1.0],284.647315290667,False,True,2.74647315290667,98,17.709159380834848,756.376,in_progress,0.0
236,11.0,1.1442746183411752,2.110092188852877,-66.87582622720115,-30.0,1.0674389740775752,[-30.0 1.0674389740775752],331.3225877619219,False,True,3.206481980211462,98,17.709159380834848,756.441,in_progress,0.0
236,12.0,1.1568701139736763,2.0323418962926385,-71.06686964527034,-22.467640086966323,1.5015417965872246,[-22.467640086966323 1.5015417965872246],380.0974421129731,False,True,3.650820241471009,99,17.709159380834848,756.504,in_progress,0.0
236,13.0,1.1578004251337066,1.945544147180444,-77.0893094350048,30.0,1.0,[30.0 1.0],423.1615657223775,False,True,4.131615657223775,99,17.709159380834848,756.581,in_progress,0.0
236,14.0,1.1577059165329608,1.86067545476552,-82.1676156087478,30.0,2.9614956971254793,[30.0 2.9614956971254793],489.69512359247096,False,True,4.600801666212162,100,17.709159380834848,756.64,in_progress,0.0
236,15.0,1.172498548995866,1.7774301935672887,-81.42900495976778,-13.923232546742057,1.0,[-13.923232546742057 1.0],517.8343030538967,False,True,5.078343030538967,100,17.709159380834848,756.706,in_progress,0.0
236,16.0,1.1950933792850134,1.6915893370146282,-78.96157242744664,-26.785137273343647,1.862636433653525,[-26.785137273343647 1.862636433653525],576.5144447308718,False,True,5.578880803943365,101,17.709159380834848,756.774,in_progress,0.0
236,17.0,1.2062646175723235,1.575661310883202,-81.42084154674438,30.0,2.5008058683962293,[30.0 2.5008058683962293],648.4006160845518,False,True,6.2339255740058945,102,17.709159380834848,756.841,in_progress,0.0
236,18.0,1.2069033364582955,1.5116007035043293,-83.35494569381386,30.0,1.0,[30.0 1.0],669.1555400475224,False,True,6.591555400475224,102,17.709159380834848,756.907,in_progress,0.0
236,19.0,1.2179180988078866,1.416500360878124,-83.53085029339023,2.0565117258955254,1.0,[2.0565117258955254 1.0],722.955312698591,False,True,7.12955312698591,103,17.709159380834848,756.973,in_progress,0.0
236,20.0,1.2362789960043714,1.3375541454730624,-81.39284166458083,30.0,3.4380397172569097,[30.0 3.4380397172569097],795.7690396678079,False,True,7.613886424952387,103,17.709159380834848,757.041,in_progress,0.0
236,21.0,1.263855165194545,1.250681653368929,-77.84416844080386,30.0,4.0,[30.0 4.0],852.8400906908196,False,True,8.128400906908196,104,17.709159380834848,757.106,in_progress,0.0
236,22.0,1.3057705494053924,1.1713825102542892,-72.38116058328674,30.0,3.306287802485742,[30.0 3.306287802485742],899.6990757531353,False,True,8.666361977282778,105,17.709159380834848,757.173,in_progress,0.0
236,23.0,1.3776417675505197,1.0829620120940895,-63.234016442735104,30.0,3.8637282393286374,[30.0 3.8637282393286374],981.4231281262549,False,True,9.427858457329686,106,17.709159380834848,757.245,in_progress,0.0
236,24.0,1.484130496926358,0.9922911106028661,-50.82844003218806,30.0,1.0,[30.0 1.0],1037.7912990468708,False,True,10.277912990468707,107,17.709159380834848,757.286,in_progress,0.0
236,25.0,1.5888252879337157,0.9316783660563793,-37.60925698897685,30.0,1.0,[30.0 1.0],1132.4677902646174,False,True,11.224677902646174,108,17.709159380834848,757.376,in_progress,0.0
236,26.0,1.6643960157103561,0.8917368116313878,-29.87207347428803,30.0,4.0,[30.0 4.0],1222.8963940804958,False,True,11.82896394080496,108,17.709159380834848,757.442,in_progress,0.0
236,27.0,1.7607197518490834,0.8548484416300877,-20.046903569666775,2.250002799613327,2.5813749722568757,[2.250002799613327 2.5813749722568757],1275.088717638958,False,True,12.492749679163895,109,17.709159380834848,757.505,in_progress,0.0
236,28.0,1.8551587939652907,0.8375753931700001,-9.453533195493376,22.459623721109523,4.0,[22.459623721109523 4.0],1343.4680860452108,False,True,13.034680860452108,110,17.709159380834848,757.571,in_progress,0.0
236,29.0,1.9730881266700984,0.8363783778460536,3.2725714610258927,-0.4402978842480536,1.0,[-0.4402978842480536 1.0],1384.1138682865706,False,True,13.741138682865706,111,17.709159380834848,757.637,in_progress,0.0
236,30.0,2.0753169660354485,0.8586120676985856,18.51693568442655,5.646069244197051,3.442037893193071,[5.646069244197051 3.442037893193071],1470.105768828158,False,True,14.356853898962274,111,17.709159380834848,757.706,in_progress,0.0
236,31.0,2.160945367348036,0.8825171174004823,27.97122004026346,-15.555673951832418,1.2953520169366257,[-15.555673951832418 1.2953520169366257],1495.7362336114631,False,True,14.827827134420968,112,17.709159380834848,757.774,in_progress,0.0
236,32.0,2.273520133320843,0.9351546402477207,43.73242464652219,30.0,1.642515573023612,[30.0 1.642515573023612],1569.4893517248274,False,True,15.530641959945912,113,17.709159380834848,757.84,in_progress,0.0
236,33.0,2.3292351156247135,0.9660613340193546,50.59051800904669,3.3913046202982855,1.2517217438379435,[3.3913046202982855 1.2517217438379435],1605.7627062127635,False,True,15.932454887743841,113,17.709159380834848,757.909,in_progress,0.0
236,34.0,2.399293571016773,1.0191888187395135,60.76430697786171,18.65926068582818,2.693346792841064,[18.65926068582818 2.693346792841064],1660.7688600983274,False,True,16.338353921699166,114,17.709159380834848,757.975,in_progress,0.0
236,35.0,2.4536939356268705,1.0734041585477474,69.03062269037282,-13.063901174931072,4.0,[-13.063901174931072 4.0],1704.8010978419381,False,True,16.648010978419382,114,17.709159380834848,758.035,in_progress,0.0
236,36.0,2.50197477443749,1.1503591598511727,77.52761390592742,-30.0,3.5460651247926447,[-30.0 3.5460651247926447],0.0,False,False,16.93420383314225,114,17.709159380834848,758.105,in_progress,0.0
236,37.0,2.553998197544593,1.2368479986268164,82.27450635028072,30.0,2.0564972373395323,[30.0 2.0564972373395323],0.0,False,False,17.24321660796174,115,17.709159380834848,758.171,in_progress,0.0
236,38.0,2.6063072246167804,1.3382761445618245,85.9311743598005,13.071386505445425,3.407899958700539,[13.071386505445425 3.407899958700539],0.0,True,False,17.497703587240753,115,17.709159380834848,758.242,off_track,0.0
237,1.0,1.101164041956668,1.6336561565412335,-78.21689630642773,4.716310311629371,3.987186886649405,[4.716310311629371 3.987186886649405],0.0,False,True,0.7914457528043095,101,17.709159380834848,758.375,prepare,0.0
237,2.0,1.100875049211896,1.6337574039000806,-78.27851755465014,-30.0,1.0,[-30.0 1.0],89.05508113053017,False,True,0.7905508113053017,101,17.709159380834848,758.438,in_progress,0.0
237,3.0,1.0995057473305345,1.6269132693860497,-78.92347005858342,-5.07003553431019,2.016470812675225,[-5.07003553431019 2.016470812675225],102.84307921891083,False,True,0.8267837109215859,101,17.709159380834848,758.504,in_progress,0.0
237,4.0,1.0985859808207097,1.6071405316403298,-79.97289700581094,-30.0,3.2551202470351814,[-30.0 3.2551202470351814],126.04967388709154,False,True,0.9349847141673973,101,17.709159380834848,758.573,in_progress,0.0
237,5.0,1.0944203871232674,1.568829841193583,-82.65592186029063,-8.513354535455697,4.0,[-8.513354535455697 4.0],154.18632279484697,False,True,1.1418632279484697,102,17.709159380834848,758.639,in_progress,0.0
237,6.0,1.0882508347445685,1.5177379410245617,-85.64967461067255,30.0,1.0,[30.0 1.0],151.7047611921274,False,True,1.4170476119212738,102,17.709159380834848,758.707,in_progress,0.0
237,7.0,1.0960690388306953,1.462893786789229,-85.43514593011301,30.0,2.1400598868943286,[30.0 2.1400598868943286],194.17416362805994,False,True,1.7277356475911665,102,17.709159380834848,758.772,in_progress,0.0
237,8.0,1.1211032483546275,1.3975286545921017,-80.9872062486945,30.0,3.1480273805256616,[30.0 3.1480273805256616],243.32142403259869,False,True,2.1184115022734207,103,17.709159380834848,758.839,in_progress,0.0
237,9.0,1.1635200269015635,1.3279440346666196,-73.92093539295367,30.0,1.0,[30.0 1.0],265.1449863363875,False,True,2.551449863363875,103,17.709159380834848,758.908,in_progress,0.0
237,10.0,1.2178672332903178,1.2648688105309562,-66.12043139806089,30.0,2.1303654845152726,[30.0 2.1303654845152726],319.2099298173466,False,True,2.979062749721939,104,17.709159380834848,758.971,in_progress,0.0
237,11.0,1.2830422554007983,1.2071630899701726,-57.96208704241213,30.0,1.0,[30.0 1.0],353.1491524319574,False,True,3.4314915243195743,104,17.709159380834848,759.039,in_progress,0.0
237,12.0,1.355630696865491,1.1631595341878302,-49.256823307112626,30.0,1.0,[30.0 1.0],391.19285480369024,False,True,3.8119285480369025,105,17.709159380834848,759.105,in_progress,0.0
237,13.0,1.4220522266163034,1.1292257310587543,-42.90667365237276,-21.99670478126626,1.0,[-21.99670478126626 1.0],446.0639084981555,False,True,4.360639084981555,105,17.709159380834848,759.167,in_progress,0.0
237,14.0,1.4880892991260453,1.0853864952089638,-40.08150193275619,30.0,2.639065694374259,[30.0 2.639065694374259],516.6933536636335,False,True,4.903026967198909,106,17.709159380834848,759.241,in_progress,0.0
237,15.0,1.5594725115262924,1.0351818023538157,-38.024441356439446,-8.178379592969641,1.0,[-8.178379592969641 1.0],548.3665832538642,False,True,5.383665832538642,107,17.709159380834848,759.307,in_progress,0.0
237,16.0,1.6324933403807074,0.9987757033911363,-34.13309931420685,5.51432231945946,2.2633300434532555,[5.51432231945946 2.2633300434532555],649.2042480291915,False,True,6.26570947594659,108,17.709159380834848,759.369,in_progress,0.0
237,17.0,1.7253452101073274,0.9512757653172712,-31.424072257784285,28.70815758500339,2.0163970841197676,[28.70815758500339 2.0163970841197676],724.9741119702729,False,True,7.0481014112907525,109,17.709159380834848,759.438,in_progress,0.0
237,18.0,1.8136307598383914,0.9134136237212644,-28.48484776097505,30.0,1.6767081010499905,[30.0 1.6767081010499905],788.4618791095384,False,True,7.716947980990385,109,17.709159380834848,759.508,in_progress,0.0
237,19.0,1.9225297753136488,0.8847907767709811,-22.850356920022552,-7.8970612086132235,1.8435117090053934,[-7.8970612086132235 1.8435117090053934],860.397175330811,False,True,8.419620582407571,110,17.709159380834848,759.578,in_progress,0.0
237,20.0,2.03299299036499,0.8584504334172444,-19.020801566276667,30.0,4.0,[30.0 4.0],951.8721821233034,False,True,9.118721821233034,111,17.709159380834848,759.64,in_progress,0.0
237,21.0,2.1585456882213996,0.8186020306115626,-17.94979664128729,-4.113764383036237,4.0,[-4.113764383036237 4.0],1024.3617758056455,False,True,9.843617758056455,112,17.709159380834848,759.702,in_progress,0.0
237,22.0,2.2744574309916343,0.7834647199679131,-17.681923377865306,18.736647298615097,3.100671540530285,[18.736647298615097 3.100671540530285],1086.2506813280916,False,True,10.552439659227886,113,17.709159380834848,759.774,in_progress,0.0
237,23.0,2.4174507448009193,0.7412725805374859,-16.947028405502955,6.488332405206847,4.0,[6.488332405206847 4.0],1178.5698195697069,False,True,11.385698195697069,114,17.709159380834848,759.841,in_progress,0.0
237,24.0,2.57260055290159,0.7144662369793042,-13.008632562784282,27.846727511588156,4.0,[27.846727511588156 4.0],1265.5235725153145,False,True,12.255235725153145,115,17.709159380834848,759.908,in_progress,0.0
237,25.0,2.7296600558014865,0.7056823180684684,-6.911132107898511,-25.37178066151335,2.128627129032259,[-25.37178066151335 2.128627129032259],1335.101031899519,False,True,13.138147606091966,116,17.709159380834848,759.97,in_progress,0.0
237,26.0,2.9183722421872424,0.70127821612139,0.10339129219302207,-15.348898825096,1.9724699132170298,[-15.348898825096 1.9724699132170298],1439.8636743445986,False,True,14.201389752124282,117,17.709159380834848,760.032,in_progress,0.0
237,27.0,3.0688162039640337,0.6849223017945046,0.6813369200375248,1.7603747936956964,1.4963927754917554,[1.7603747936956964 1.4963927754917554],1520.0968073833,False,True,15.051328796283826,0,17.709159380834848,760.105,in_progress,0.0
237,28.0,3.1969836498055466,0.6688315209264575,-0.9805504524421493,-5.080213516893409,2.2916265210775046,[-5.080213516893409 2.2916265210775046],1600.3932463594429,False,True,15.774769811486678,1,17.709159380834848,760.181,in_progress,0.0
237,29.0,3.33115020031175,0.6619321169740284,-1.9336072818504204,-30.0,2.6249114646663703,[-30.0 2.6249114646663703],1679.494584964322,False,True,16.532454703176583,2,17.709159380834848,760.221,in_progress,0.0
237,30.0,3.481570523867841,0.6449804625706876,-4.396610017213249,-8.18678350219895,1.0,[-8.18678350219895 1.0],1748.1977661348017,False,True,17.381977661348017,3,17.709159380834848,760.309,in_progress,0.0
237,31.0,3.616685211594216,0.6175741940316787,-7.979199849722841,30.0,1.8788595897833502,[30.0 1.8788595897833502],1833.2736516328432,False,True,18.144850557350097,4,17.709159380834848,760.368,in_progress,0.0
237,32.0,3.761018047968734,0.5953605190057177,-8.223419243165802,21.112603644943903,1.0,[21.112603644943903 1.0],1905.982976298302,False,True,18.95982976298302,5,17.709159380834848,760.441,in_progress,0.0
237,33.0,3.8998606137304015,0.5905199199234652,-5.17531331522317,28.85886667951653,1.0,[28.85886667951653 1.0],1984.3848646825384,False,True,19.743848646825384,6,17.709159380834848,760.505,in_progress,0.0
237,34.0,3.996504171368249,0.5930353366663661,-2.7084592467176853,30.0,3.4708822494280867,[30.0 3.4708822494280867],2063.6668382059497,False,True,20.28958015711669,6,17.709159380834848,760.57,in_progress,0.0
237,35.0,4.104898888233228,0.6055365812820949,1.0668476005587066,-30.0,1.0,[-30.0 1.0],2100.1687437832948,False,True,20.901687437832948,7,17.709159380834848,760.636,in_progress,0.0
237,36.0,4.202918320044522,0.6262278697004361,5.4443841515590785,-23.12424234006485,2.377241223066365,[-23.12424234006485 2.377241223066365],2169.2945767452848,False,True,21.45522164514621,8,17.709159380834848,760.706,in_progress,0.0
237,37.0,4.318669312350758,0.6365619954387406,5.200608086548231,20.087106997737926,1.792320381664203,[20.087106997737926 1.792320381664203],2228.8094894593687,False,True,22.108862856427265,8,17.709159380834848,760.772,in_progress,0.0
237,38.0,4.422736209418696,0.6400522074365416,3.8568325843453546,28.412709278861072,2.1232135070484333,[28.412709278861072 2.1232135070484333],2290.8836715149278,False,True,22.696515364444437,9,17.709159380834848,760.844,in_progress,0.0
237,39.0,4.5454939160785885,0.6616149524569518,6.666120638993047,30.0,2.2830177153823454,[30.0 2.2830177153823454],2361.80480470075,False,True,23.389746275469264,10,17.709159380834848,760.91,in_progress,0.0
237,40.0,4.666699234098619,0.7010559026055568,11.741170533796796,-30.0,2.024163464158142,[-30.0 2.024163464158142],2427.6664575418736,False,True,24.07424822900292,11,17.709159380834848,760.974,in_progress,0.0
237,41.0,4.784165609246988,0.7449215441934907,15.861050256528996,-9.662868557243254,1.1305679787484186,[-9.662868557243254 1.1305679787484186],2485.0710514697817,False,True,24.737653716822976,12,17.709159380834848,761.042,in_progress,0.0
237,42.0,4.903139619436882,0.7696967171113337,14.056460880193306,5.015674073592983,2.126197746601067,[5.015674073592983 2.126197746601067],2562.2151177370406,False,True,25.4095314027103,12,17.709159380834848,761.111,in_progress,0.0
237,43.0,5.017405035885278,0.7864994067133373,11.682766162328369,-30.0,2.1574072220315204,[-30.0 2.1574072220315204],2627.052125373345,False,True,26.054780531530298,13,17.709159380834848,761.173,in_progress,0.0
237,44.0,5.1363110051456005,0.8000649579658352,9.291286634820016,-14.841926759150512,1.5625537279201516,[-14.841926759150512 1.5625537279201516],2688.2500533807174,False,True,26.726245161015157,14,17.709159380834848,761.245,in_progress,0.0
237,45.0,5.2504241031693235,0.7991455155804013,5.236565210026132,-30.0,3.3661022471703754,[-30.0 3.3661022471703754],2770.7194108968297,False,True,27.37058388425126,15,17.709159380834848,761.325,in_progress,0.0
237,46.0,5.43477635779309,0.7818092988796871,-1.3483088034087936,-12.525705595099986,1.0,[-12.525705595099986 1.0],2851.1634723137167,False,True,28.41163472313717,16,17.709159380834848,761.377,in_progress,0.0
237,47.0,5.507162232507978,0.7618149281104037,-6.206574798335495,30.0,1.0,[30.0 1.0],2892.077778697132,False,True,28.82077778697132,16,17.709159380834848,761.44,in_progress,0.0
237,48.0,5.61621271454189,0.7275743883200729,-13.715949507658076,-1.3015011924207478,3.3304343963227567,[-1.3015011924207478 3.3304343963227567],2976.8886348958486,False,True,29.43584290932621,17,17.709159380834848,761.505,in_progress,0.0
237,49.0,5.7230439232531305,0.6931307862297853,-17.372572965044238,30.0,1.0,[30.0 1.0],3013.9159900591967,False,True,30.03915990059197,18,17.709159380834848,761.583,in_progress,0.0
237,50.0,5.861119734428647,0.644923619038439,-21.74717607332079,25.42099041822305,1.857881568223764,[25.42099041822305 1.857881568223764],3100.567087076386,False,True,30.81988271394148,19,17.709159380834848,761.638,in_progress,0.0
237,51.0,5.943986420789757,0.6230885375926664,-21.73375122636516,30.0,3.1330807899299087,[30.0 3.1330807899299087],3160.296116310279,False,True,31.2896530841098,19,17.709159380834848,761.706,in_progress,0.0
237,52.0,6.066179252033066,0.6080198126393286,-15.514796723426612,30.0,3.2967202928015795,[30.0 3.2967202928015795],3229.5750256476963,False,True,31.966078227196803,20,17.709159380834848,761.758,in_progress,0.0
237,53.0,6.187070091075816,0.6109370618506103,-7.718880362153658,-30.0,1.0,[-30.0 1.0],3274.8922077556877,False,True,32.648922077556875,21,17.709159380834848,761.815,in_progress,0.0
237,54.0,6.3357454814551355,0.6282431912939807,3.4997204706051486,12.667093171960147,1.0,[12.667093171960147 1.0],3356.9775879816466,False,True,33.46977587981647,22,17.709159380834848,761.908,in_progress,0.0
237,55.0,6.421495792789426,0.637735355821114,7.479282656589234,30.0,1.0,[30.0 1.0],3403.639985512003,False,True,33.93639985512003,22,17.709159380834848,761.981,in_progress,0.0
237,56.0,6.519912224173754,0.6559857794185414,11.556500961790267,30.0,2.3208643581179396,[30.0 2.3208643581179396],3468.3764322955326,False,True,34.45167788714353,23,17.709159380834848,762.036,in_progress,0.0
237,57.0,6.6040259618021935,0.6779064046830243,12.801449113386086,-0.8254228092899822,1.0,[-0.8254228092899822 1.0],3501.622296797928,False,True,34.91622296797928,24,17.709159380834848,762.108,in_progress,0.0
237,58.0,6.696173756624245,0.7112701537654809,15.416096947312631,10.859046661222656,1.0,[10.859046661222656 1.0],3549.8883944959452,False,True,35.39888394495945,24,17.709159380834848,762.173,in_progress,0.0
237,59.0,6.784434520145484,0.7486956648831448,18.318887835774945,30.0,1.250555913007599,[30.0 1.250555913007599],3606.2212216132534,False,True,35.93715662483177,25,17.709159380834848,762.239,in_progress,0.0
237,60.0,6.849500872267134,0.786970502927505,21.951618963466085,30.0,2.9166031936212473,[30.0 2.9166031936212473],3660.9302296891046,False,True,36.31764197752892,25,17.709159380834848,762.305,in_progress,0.0
237,61.0,6.924484619154204,0.8520865638283781,29.20120946164432,30.0,1.0,[30.0 1.0],3697.486843616243,False,True,36.87486843616243,26,17.709159380834848,762.37,in_progress,0.0
237,62.0,6.982189692190905,0.928149899853058,39.1884938793291,30.0,1.0,[30.0 1.0],3745.0999978459586,False,True,37.35099997845958,26,17.709159380834848,762.44,in_progress,0.0
237,63.0,7.02635469109559,0.993445586476123,45.283036887963064,3.7468657758016803,1.0,[3.7468657758016803 1.0],3788.2553338319067,False,True,37.78255333831907,27,17.709159380834848,762.507,in_progress,0.0
237,64.0,7.0687490957579975,1.062303247851434,49.82057287355342,30.0,1.0,[30.0 1.0],3829.8867293018247,False,True,38.198867293018246,27,17.709159380834848,762.583,in_progress,0.0
237,65.0,7.105489786657822,1.1298031919104332,53.22780970747227,30.0,1.0,[30.0 1.0],3872.8449647626794,False,True,38.628449647626795,28,17.709159380834848,762.636,in_progress,0.0
237,66.0,7.133572899796334,1.190598744909874,56.4080867540616,30.0,1.0,[30.0 1.0],3909.5257074543097,False,True,38.9952570745431,28,17.709159380834848,762.707,in_progress,0.0
237,67.0,7.158149946958764,1.2684355924610444,61.42771248202432,30.0,2.271547311586737,[30.0 2.271547311586737],3967.403863517647,False,True,39.446883904017795,29,17.709159380834848,762.779,in_progress,0.0
237,68.0,7.171527398151714,1.3414382357071237,66.69214700505077,30.0,1.0,[30.0 1.0],3996.263007290653,False,True,39.86263007290653,29,17.709159380834848,762.837,in_progress,0.0
237,69.0,7.171262982328054,1.4364113899457371,75.25685650806626,30.0,1.4409524597210162,[30.0 1.4409524597210162],4050.1737443125044,False,True,40.35764219715294,30,17.709159380834848,762.906,in_progress,0.0
237,70.0,7.160004814197277,1.5102322951770402,82.15199131548104,14.477464649840165,3.9584692506786423,[14.477464649840165 3.9584692506786423],4117.845716117523,False,True,40.78261023610737,30,17.709159380834848,762.98,in_progress,0.0
237,71.0,7.131054754944919,1.60781706915533,92.20824777753187,30.0,1.0,[30.0 1.0],4153.361543672108,False,True,41.433615436721084,31,17.709159380834848,763.036,in_progress,0.0
237,72.0,7.092902295155628,1.6888513556419738,102.306205701422,25.606677391616692,1.9341792800373945,[25.606677391616692 1.9341792800373945],4206.71236288696,False,True,41.87370570086586,32,17.709159380834848,763.107,in_progress,0.0
237,73.0,7.042896676119217,1.7666294707158072,111.44794574971203,30.0,1.0,[30.0 1.0],4265.45683419464,False,True,42.5545683419464,33,17.709159380834848,763.17,in_progress,0.0
237,74.0,6.991561006329632,1.828271411473858,118.48270451633356,21.103290870423365,2.09900253570241,[21.103290870423365 2.09900253570241],4328.91189141547,False,True,43.07921866058446,33,17.709159380834848,763.238,in_progress,0.0
237,75.0,6.922632959957888,1.8976313106124034,124.43452361108028,-9.99000063999246,1.971378660531006,[-9.99000063999246 1.971378660531006],4374.1397991906115,False,True,43.544260125853015,34,17.709159380834848,763.308,in_progress,0.0
237,76.0,6.846822544782278,1.9691227161844667,129.2199529970469,30.0,1.0,[30.0 1.0],0.0,False,False,44.28911672054987,35,17.709159380834848,763.377,in_progress,0.0
237,77.0,6.778708434260676,2.045922828738676,130.051184611175,-30.0,1.0,[-30.0 1.0],0.0,False,False,45.187307336466986,36,17.709159380834848,763.44,in_progress,0.0
237,78.0,6.7215320890315065,2.1059503557536114,131.19234909045613,12.027433541451067,1.0,[12.027433541451067 1.0],0.0,False,False,46.031423488272694,37,17.709159380834848,763.51,in_progress,0.0
237,79.0,6.661547165977213,2.1647785349800217,132.657070999231,-24.322829386730067,1.0,[-24.322829386730067 1.0],0.0,False,False,46.82368614960553,38,17.709159380834848,763.574,in_progress,0.0
237,80.0,6.603324055784125,2.217399357146177,134.2730755831049,28.70351899293304,1.859246606383908,[28.70351899293304 1.859246606383908],0.0,False,False,47.580317920794755,38,17.709159380834848,763.642,in_progress,0.0
237,81.0,6.543149878140445,2.275556298655503,135.1170439749887,30.0,1.532447599731443,[30.0 1.532447599731443],0.0,False,False,48.404321347523705,39,17.709159380834848,763.707,in_progress,0.0
237,82.0,6.473475318027693,2.315335159049888,139.8111150962934,-10.554343184214396,1.0,[-10.554343184214396 1.0],0.0,False,False,49.2092591570335,40,17.709159380834848,763.775,in_progress,0.0
237,83.0,6.39677088705158,2.354181892522517,144.24655596272865,-30.0,1.690434631888603,[-30.0 1.690434631888603],0.0,False,False,50.03202187817122,41,17.709159380834848,763.842,in_progress,0.0
237,84.0,6.323772218541277,2.404571700298201,144.6573880861081,10.956019683982461,1.0,[10.956019683982461 1.0],0.0,False,False,50.76470471532109,42,17.709159380834848,763.905,in_progress,0.0
237,85.0,6.260267278436697,2.453091170503757,144.02034514475937,29.156528966851546,2.1354191437204926,[29.156528966851546 2.1354191437204926],0.0,False,False,51.1412639749025,43,17.709159380834848,763.976,in_progress,0.0
237,86.0,6.176600402285419,2.491630694143909,148.09083221320822,30.0,1.0,[30.0 1.0],0.0,False,False,51.701362734365624,43,17.709159380834848,764.041,in_progress,0.0
237,87.0,6.080089904411116,2.5172173723284215,154.36917181007442,30.0,4.0,[30.0 4.0],0.0,False,False,52.24939549087333,44,17.709159380834848,764.107,in_progress,0.0
237,88.0,5.9939322228164915,2.5306367008989294,159.93251607479206,-30.0,1.0,[-30.0 1.0],0.0,False,False,52.77926381627591,45,17.709159380834848,764.174,in_progress,0.0
237,89.0,5.8987114619875305,2.534323757724338,167.47700830101422,-2.9664356538171788,4.0,[-2.9664356538171788 4.0],5371.736557501887,False,True,53.31736557501887,45,17.709159380834848,764.237,in_progress,0.0
237,90.0,5.776842897993793,2.5438288595203242,172.34842898035922,30.0,1.0,[30.0 1.0],5410.397967880738,False,True,54.00397967880738,46,17.709159380834848,764.304,in_progress,0.0
237,91.0,5.712621452270055,2.550360195149831,172.9590175986908,1.9425270625342108,2.5296681371288505,[1.9425270625342108 2.5296681371288505],5461.928657506785,False,True,54.36631976135497,46,17.709159380834848,764.375,in_progress,0.0
237,92.0,5.611664877860555,2.5546078488239523,174.69020846658873,21.48418080826702,1.0,[21.48418080826702 1.0],5503.103683371272,False,True,54.931036833712724,47,17.709159380834848,764.442,in_progress,0.0
237,93.0,5.506782659040594,2.5554553825585007,176.55312827719484,-9.682891101513626,1.0,[-9.682891101513626 1.0],5562.326338331479,False,True,55.52326338331479,48,17.709159380834848,764.493,in_progress,0.0
237,94.0,5.416423311614839,2.5507143005686648,178.74180238742508,-21.837941514119606,1.0,[-21.837941514119606 1.0],5613.388242135753,False,True,56.03388242135753,48,17.709159380834848,764.575,in_progress,0.0
237,95.0,5.333436843131767,2.553693594119121,178.5156894456902,28.594264028908107,2.1001256841589617,[28.594264028908107 2.1001256841589617],5671.243255496143,False,True,56.50241998654553,49,17.709159380834848,764.638,in_progress,0.0
237,96.0,5.250449086364028,2.5538623319024305,179.27497692228565,-30.0,3.3133016321376,[-30.0 3.3133016321376],5732.25003313083,False,True,56.99117016809454,50,17.709159380834848,764.704,in_progress,0.0
237,97.0,5.140827279040274,2.552931158473091,179.47754192962617,-30.0,3.2899871305613333,[-30.0 3.2899871305613333],5790.836617538668,False,True,57.579367462330545,50,17.709159380834848,764.775,in_progress,0.0
237,98.0,5.041304932888262,2.5738159339971736,175.10081837745525,-30.0,4.0,[-30.0 4.0],5854.193940587813,False,True,58.141939405878134,51,17.709159380834848,764.839,in_progress,0.0
237,99.0,4.932545981386893,2.6159615212773457,167.57648962994298,20.85140528829249,3.1201139238374997,[20.85140528829249 3.1201139238374997],5896.458515671019,False,True,58.65257376432645,52,17.709159380834848,764.91,in_progress,0.0
237,100.0,4.809048354303262,2.6699835187121055,160.09142019482692,-20.47308203217119,1.0,[-20.47308203217119 1.0],5939.681986150085,False,True,59.29681986150086,52,17.709159380834848,764.975,in_progress,0.0
237,101.0,4.69297643588353,2.716382891066274,157.0039750036734,-30.0,1.0,[-30.0 1.0],6000.7890837222285,False,True,59.90789083722228,53,17.709159380834848,765.041,in_progress,0.0
237,102.0,4.5970146303180215,2.7600439845450775,156.1683747036764,-30.0,1.0,[-30.0 1.0],6059.552270120543,False,True,60.49552270120543,54,17.709159380834848,765.105,in_progress,0.0
237,103.0,4.516451068801725,2.806359506577655,154.00413032247982,-22.12793700458991,1.0,[-22.12793700458991 1.0],6101.6343705799,False,True,60.916343705799,54,17.709159380834848,765.175,in_progress,0.0
237,104.0,4.439529366209302,2.854225100570673,151.92795095001284,-30.0,4.0,[-30.0 4.0],6182.789844292606,False,True,61.42789844292606,55,17.709159380834848,765.242,in_progress,0.0
237,105.0,4.370443725775002,2.9058877892417225,149.0171611207176,-30.0,1.8844159512460577,[-30.0 1.8844159512460577],6200.589675529765,False,True,61.81745516017305,55,17.709159380834848,765.309,in_progress,0.0
237,106.0,4.310789775956854,2.9728154213467697,143.0827153736459,-30.0,2.9209336151692074,[-30.0 2.9209336151692074],6261.279917702361,False,True,62.32070581550669,56,17.709159380834848,765.386,in_progress,0.0
237,107.0,4.249373600723158,3.0697071614687226,134.3643827175002,-15.85081881127838,1.9252662338402602,[-15.85081881127838 1.9252662338402602],6310.4203016324855,False,True,62.91167639294083,57,17.709159380834848,765.419,in_progress,0.0
237,108.0,4.203728038573477,3.176720557921483,124.67436630508017,30.0,1.4562856818156997,[30.0 1.4562856818156997],6366.194540413206,False,True,63.516316835950484,57,17.709159380834848,765.505,in_progress,0.0
237,109.0,4.163947061677238,3.273810454710855,118.53219124720924,-30.0,2.127911276501332,[-30.0 2.127911276501332],6429.492112330927,False,True,64.08212999565913,58,17.709159380834848,765.572,in_progress,0.0
237,110.0,4.117877907243539,3.383747190184777,115.38650031136105,-24.533402365215995,1.7824432752850567,[-24.533402365215995 1.7824432752850567],6490.7069313321335,False,True,64.72882498579283,59,17.709159380834848,765.642,in_progress,0.0
237,111.0,4.089670579918713,3.4997843853134696,110.2522264498513,30.0,1.0,[30.0 1.0],6543.556998926922,False,True,65.33556998926922,59,17.709159380834848,765.709,in_progress,0.0
237,112.0,4.068138147801438,3.619391395705671,104.11074657740097,-1.5540172537731856,1.6428806073737512,[-1.5540172537731856 1.6428806073737512],6610.065208433303,False,True,65.93636402359566,60,17.709159380834848,765.776,in_progress,0.0
237,113.0,4.048324626246988,3.7150083064977744,102.71669336946518,30.0,2.5877339155697485,[30.0 2.5877339155697485],6668.432431146406,False,True,66.42555091990708,61,17.709159380834848,765.834,in_progress,0.0
237,114.0,4.02617742796914,3.8220107291370007,102.43123723176556,30.0,2.329579929717797,[30.0 2.329579929717797],6720.639786327711,False,True,66.97343987030533,61,17.709159380834848,765.908,in_progress,0.0
237,115.0,3.980610889302831,3.9478318697254795,105.9741144904079,30.0,1.0,[30.0 1.0],6778.633575050866,False,True,67.68633575050866,62,17.709159380834848,765.969,in_progress,0.0
237,116.0,3.93368295453717,4.040853574240531,110.44771552705446,30.0,1.8787523283547105,[30.0 1.8787523283547105],6844.879543236412,False,True,68.26092019952866,63,17.709159380834848,766.048,in_progress,0.0
237,117.0,3.861386423046995,4.157624598671355,116.0614024130649,-22.98714762380021,3.2075127951424287,[-22.98714762380021 3.2075127951424287],0.0,False,False,69.02871188087755,64,17.709159380834848,766.105,in_progress,0.0
237,118.0,3.7976020478758374,4.252374631224794,119.3540561187031,30.0,1.0,[30.0 1.0],0.0,False,False,69.67716874830171,65,17.709159380834848,766.175,in_progress,0.0
237,119.0,3.740666462509849,4.347447641927832,119.98275574986039,8.202562865883102,2.950244367308069,[8.202562865883102 2.950244367308069],0.0,False,False,70.29956771241143,65,17.709159380834848,766.244,in_progress,0.0
237,120.0,3.669133299362041,4.4491535192044065,122.19070208211384,0.139581821129255,3.3602886298351335,[0.139581821129255 3.3602886298351335],0.0,False,False,70.92491740648528,66,17.709159380834848,766.31,in_progress,0.0
237,121.0,3.5795639377134236,4.557265861030764,125.97006683120611,30.0,2.6662377833693434,[30.0 2.6662377833693434],0.0,False,False,71.51390924833221,67,17.709159380834848,766.376,in_progress,0.0
237,122.0,3.4807685659161463,4.664530709299908,129.51628058968998,14.844149855825435,4.0,[14.844149855825435 4.0],0.0,False,False,71.90763407783999,67,17.709159380834848,766.442,in_progress,0.0
237,123.0,3.3754393753874696,4.758395420529737,134.07398195657774,-12.752892278406563,1.4822720278947898,[-12.752892278406563 1.4822720278947898],0.0,False,False,72.61160633603598,68,17.709159380834848,766.506,in_progress,0.0
237,124.0,3.2576909685458957,4.854730514800117,138.56143443357993,11.454198226512474,1.0,[11.454198226512474 1.0],0.0,False,False,73.28114271989949,69,17.709159380834848,766.571,in_progress,0.0
237,125.0,3.145406300839311,4.944233881363284,140.51265805459417,-23.60315165818275,1.0,[-23.60315165818275 1.0],0.0,False,False,73.42252103827295,69,17.709159380834848,766.641,in_progress,0.0
237,126.0,3.052710939470303,5.01605504704511,141.20689738460717,22.166887624389403,1.0136918114619327,[22.166887624389403 1.0136918114619327],0.0,False,False,73.9532959186582,70,17.709159380834848,766.706,in_progress,0.0
237,127.0,2.9717601148267483,5.085511579127505,140.54956972758328,30.0,2.3598284138279104,[30.0 2.3598284138279104],0.0,True,False,74.47786162513326,70,17.709159380834848,766.778,off_track,0.0
238,1.0,1.4531358450609044,0.8416927158876581,-47.90639850235984,-30.0,1.418014146216524,[-30.0 1.418014146216524],0.0,False,True,0.78457914492992,107,17.709159380834848,766.907,prepare,0.0
238,2.0,1.4530581054908598,0.8417807830286268,-47.8725852699154,-30.0,1.0,[-30.0 1.0],88.39586981401526,False,True,0.7839586981401525,107,17.709159380834848,766.974,in_progress,0.0
238,3.0,1.4581112897320148,0.827810627531957,-49.25341192387838,13.115205925163231,1.0,[13.115205925163231 1.0],94.60396012392567,False,True,0.8460396012392568,107,17.709159380834848,767.039,in_progress,0.0
238,4.0,1.4652835103219273,0.8115921921595781,-50.552367579760016,-7.695250729445185,1.0,[-7.695250729445185 1.0],102.46310721126471,False,True,0.9246310721126472,107,17.709159380834848,767.108,in_progress,0.0
238,5.0,1.4802830161935616,0.7900511162504255,-51.10098893979008,5.496372954767345,1.0,[5.496372954767345 1.0],115.63429558725245,False,True,1.0563429558725246,107,17.709159380834848,767.185,in_progress,0.0
238,6.0,1.5135001802374748,0.7537945084760954,-50.46360293243979,-4.6520780969957585,1.0,[-4.6520780969957585 1.0],141.7829405160631,False,True,1.317829405160631,108,17.709159380834848,767.24,in_progress,0.0
238,7.0,1.5447581669696293,0.7139849026185109,-50.78640590810007,-6.908200382014634,1.0,[-6.908200382014634 1.0],162.41823527573416,False,True,1.5241823527573417,108,17.709159380834848,767.307,in_progress,0.0
238,8.0,1.571766215705475,0.6694728513391262,-52.50430244580326,11.176345630337849,2.395793111099802,[11.176345630337849 2.395793111099802],197.25457564654465,False,True,1.732966445355466,108,17.709159380834848,767.373,in_progress,0.0
238,9.0,1.610091917833628,0.6149870252102861,-53.09754851873486,11.277775380572749,1.0,[11.277775380572749 1.0],213.61198700977522,False,True,2.0361198700977523,109,17.709159380834848,767.44,in_progress,0.0
238,10.0,1.6633710263874049,0.5653386601574142,-50.307326345038874,8.640129433956403,4.0,[8.640129433956403 4.0],277.16722616282436,False,True,2.3716722616282437,109,17.709159380834848,767.507,in_progress,0.0
238,11.0,1.727154898348406,0.5130354519907527,-46.71418354109998,-13.195353241784513,3.2242793532499485,[-13.195353241784513 3.2242793532499485],302.75485785422575,False,True,2.7051206432172625,109,17.709159380834848,767.574,in_progress,0.0
238,12.0,1.7942376425145357,0.446206682961871,-46.09244498984602,-8.175442472860802,2.4684299639205074,[-8.175442472860802 2.4684299639205074],340.0414124179375,False,True,3.1535711277873246,110,17.709159380834848,767.636,in_progress,0.0
238,13.0,1.848622077285381,0.37271043658976827,-48.66873152650818,23.251860071607993,2.2428051623018534,[23.251860071607993 2.2428051623018534],364.26575490289434,False,True,3.4183770327987584,110,17.709159380834848,767.722,in_progress,0.0
238,14.0,1.9301699340165732,0.26603764178675304,-50.36277019550652,-5.702281237203444,1.0,[-5.702281237203444 1.0],0.0,False,False,3.9599587943849324,111,17.709159380834848,767.776,in_progress,0.0
238,15.0,1.9971015956625593,0.19301498675068304,-49.26753979912075,8.470825894784625,3.7959282699948886,[8.470825894784625 3.7959282699948886],0.0,False,False,4.221731227021619,111,17.709159380834848,767.84,in_progress,0.0
238,16.0,2.073358292120072,0.09812734572429312,-50.31230593941355,-26.92589883762369,2.552114476848817,[-26.92589883762369 2.552114476848817],0.0,False,False,4.694409344155215,112,17.709159380834848,767.904,in_progress,0.0
238,17.0,2.1427973100780657,0.0003232840484486965,-52.3325792015965,25.307605724053033,1.0219056614178244,[25.307605724053033 1.0219056614178244],0.0,True,False,4.923052259461347,112,17.709159380834848,767.974,off_track,0.0
239,1.0,2.3149460757800373,0.6707602035269626,-1.1566713262722619,28.079553291966576,1.7667714573098847,[28.079553291966576 1.7667714573098847],0.0,False,True,0.7932469427527677,113,17.709159380834848,768.106,prepare,0.0
239,2.0,2.314461313881237,0.670796075992848,-1.1041583585924633,7.147335271986762,2.7417276943875857,[7.147335271986762 2.7417276943875857],106.46911650278156,False,True,0.7905183955890571,113,17.709159380834848,768.174,in_progress,0.0
239,3.0,2.3202193623398384,0.6701268258978923,-1.192066294346803,10.394059727162912,1.0,[10.394059727162912 1.0],92.28801138204345,False,True,0.8228801138204345,113,17.709159380834848,768.244,in_progress,0.0
239,4.0,2.3424196453556085,0.6735462294581709,-0.5229209567688485,-20.76813444242057,1.7399802983323158,[-20.76813444242057 1.7399802983323158],112.2839454586742,False,True,0.9488414247535104,113,17.709159380834848,768.303,in_progress,0.0
239,5.0,2.3756883652599132,0.6721305927160658,-0.7139564666839339,10.333435450561389,2.8881001002601465,[10.333435450561389 2.8881001002601465],142.511638863408,False,True,1.1363063786080652,113,17.709159380834848,768.372,in_progress,0.0
239,6.0,2.4237213156007558,0.6669861155312183,-1.7664943582582353,-24.388660517998822,1.0,[-24.388660517998822 1.0],150.63508930629465,False,True,1.4063508930629465,114,17.709159380834848,768.441,in_progress,0.0
239,7.0,2.4751645944300047,0.6639394486901891,-1.865638133151214,-14.798140435532316,2.2966206083379284,[-14.798140435532316 2.2966206083379284],192.59775676862455,False,True,1.6963155068524527,114,17.709159380834848,768.509,in_progress,0.0
239,8.0,2.54240302141188,0.6482326664552732,-4.9236059068786595,-30.0,1.0,[-30.0 1.0],217.30130521995127,False,True,2.0730130521995127,115,17.709159380834848,768.57,in_progress,0.0
239,9.0,2.6165185612857083,0.6158745498570884,-10.583076767161547,25.85779053094214,1.046277241966533,[25.85779053094214 1.046277241966533],259.6014212368385,False,True,2.491386488171732,115,17.709159380834848,768.631,in_progress,0.0
239,10.0,2.7149267563114456,0.5880473936161257,-12.280505735879018,30.0,1.0,[30.0 1.0],314.45449004935176,False,True,3.0445449004935177,116,17.709159380834848,768.712,in_progress,0.0
239,11.0,2.750704680995876,0.5867154419324202,-10.783150493810632,0.2267844622214632,1.0,[0.2267844622214632 1.0],334.64327282134997,False,True,3.2464327282134997,116,17.709159380834848,768.772,in_progress,0.0
239,12.0,2.8288179506775406,0.5840175534910358,-8.180625306256733,-0.26897449483241687,1.0,[-0.26897449483241687 1.0],379.61654031373195,False,True,3.6961654031373192,116,17.709159380834848,768.84,in_progress,0.0
239,13.0,2.8884027509159678,0.5756621054802468,-8.138952026667813,-11.511844554855326,1.0880107215933466,[-11.511844554855326 1.0880107215933466],414.14383878307075,False,True,4.032637315671373,117,17.709159380834848,768.884,in_progress,0.0
239,14.0,2.991339476763741,0.5521102446430699,-10.117605514499173,-16.675924506690833,1.6449197817540586,[-16.675924506690833 1.6449197817540586],478.093167967175,False,True,4.616439701496344,118,17.709159380834848,768.973,in_progress,0.0
239,15.0,3.0310815411751935,0.538824093377462,-11.540631602384993,30.0,2.273513843306479,[30.0 2.273513843306479],506.8474074079404,False,True,4.841122689748756,118,17.709159380834848,769.042,in_progress,0.0
239,16.0,3.116433125964892,0.5155476249888757,-12.675317644668569,-8.201167680004911,4.0,[-8.201167680004911 4.0],571.7151230023967,False,True,5.317151230023967,0,17.709159380834848,769.111,in_progress,0.0
239,17.0,3.2073025374191264,0.5034013143152678,-11.24033294416682,5.010323347242064,1.0,[5.010323347242064 1.0],593.0050197188427,False,True,5.830050197188427,1,17.709159380834848,769.175,in_progress,0.0
239,18.0,3.3104109831815682,0.49096197962602334,-9.897058101733593,30.0,2.1569094661112844,[30.0 2.1569094661112844],662.9557264306763,False,True,6.413866317695636,2,17.709159380834848,769.239,in_progress,0.0
239,19.0,3.407506064930516,0.49226418544493883,-5.943156198795886,-12.378696974263551,3.3449100864605392,[-12.378696974263551 3.3449100864605392],729.8023204925058,False,True,6.963532196279004,2,17.709159380834848,769.311,in_progress,0.0
239,20.0,3.5167233065221986,0.5016169591833831,-1.716869866607267,30.0,1.1858090312778744,[30.0 1.1858090312778744],769.8708035196853,False,True,7.580127132069066,3,17.709159380834848,769.368,in_progress,0.0
239,21.0,3.623891750203236,0.5037758227106245,-0.6729097490730536,26.682331130768702,3.4262573870865185,[26.682331130768702 3.4262573870865185],852.7915922645295,False,True,8.185290183936644,4,17.709159380834848,769.438,in_progress,0.0
239,22.0,3.732988626716863,0.5145103883039991,1.9700094703987852,26.60076740966133,1.0,[26.60076740966133 1.0],890.1382745575751,False,True,8.80138274557575,4,17.709159380834848,769.507,in_progress,0.0
239,23.0,3.838466688137562,0.5375763799241788,6.183585728691616,8.904917326097134,4.0,[8.904917326097134 4.0],979.7065735661187,False,True,9.397065735661187,5,17.709159380834848,769.574,in_progress,0.0
239,24.0,3.9497229656590362,0.5675185607873949,9.934421018843635,-30.0,1.702212385909339,[-30.0 1.702212385909339],1019.5587188128493,False,True,10.025365949537559,6,17.709159380834848,769.641,in_progress,0.0
239,25.0,4.053151882459191,0.5908615826216702,12.32325996679095,9.826808741556412,3.3467718008821037,[9.826808741556412 3.3467718008821037],1094.4131088266975,False,True,10.609453908178764,7,17.709159380834848,769.708,in_progress,0.0
239,26.0,4.165101264152041,0.610599125897303,11.572243102503508,-30.0,2.942788093489759,[-30.0 2.942788093489759],1153.5924072959356,False,True,11.24164526361038,7,17.709159380834848,769.776,in_progress,0.0
239,27.0,4.290674945290652,0.630000676231963,10.321601225815682,-30.0,1.0,[-30.0 1.0],1205.0771079969684,False,True,11.950771079969684,8,17.709159380834848,769.84,in_progress,0.0
239,28.0,4.417602198363187,0.6370771299167126,7.081706325622588,15.24890295308758,2.275759008485971,[15.24890295308758 2.275759008485971],1289.509458284471,False,True,12.667518681996114,9,17.709159380834848,769.905,in_progress,0.0
239,29.0,4.545446756711215,0.6449336967266455,5.672708066007577,-3.160126384713326,1.077379024447113,[-3.160126384713326 1.077379024447113],1349.718438134906,False,True,13.389446478904347,10,17.709159380834848,769.969,in_progress,0.0
239,30.0,4.654115343474968,0.6565461542307883,5.8419925844839,-28.012633057375684,4.0,[-28.012633057375684 4.0],1440.309719755326,False,True,14.00309719755326,11,17.709159380834848,770.042,in_progress,0.0
239,31.0,4.784162076354896,0.6597355076936665,3.5188099626855918,-30.0,1.6186322258244517,[-30.0 1.6186322258244517],1489.9311953166764,False,True,14.737448730584319,12,17.709159380834848,770.104,in_progress,0.0
239,32.0,4.9013461591279475,0.6513482044223962,0.31579840958812305,-8.29714875713401,2.754580209931479,[-8.29714875713401 2.754580209931479],1567.460225684851,False,True,15.39914423585536,12,17.709159380834848,770.176,in_progress,0.0
239,33.0,5.020250057842809,0.6354761720463659,-3.1394551856876176,2.300585682216621,2.845223446161885,[2.300585682216621 2.845223446161885],1635.5067666606412,False,True,16.070545321990224,13,17.709159380834848,770.243,in_progress,0.0
239,34.0,5.159795083799842,0.614571475920087,-5.806712970553865,30.0,1.3953367038021205,[30.0 1.3953367038021205],1699.803930624841,False,True,16.858505635868198,14,17.709159380834848,770.311,in_progress,0.0
239,35.0,5.293503339599402,0.5985550755342341,-6.6233253002082435,-30.0,1.0,[-30.0 1.0],1771.3501455674977,False,True,17.613501455674978,15,17.709159380834848,770.373,in_progress,0.0
239,36.0,5.4181386228351975,0.5892638846838705,-5.417946078216749,2.4249288301433225,1.0,[2.4249288301433225 1.0],1841.7196932761888,False,True,18.317196932761888,16,17.709159380834848,770.441,in_progress,0.0
239,37.0,5.516341442542426,0.5769884559808871,-6.066563327865369,30.0,1.8016145283648592,[30.0 1.8016145283648592],1905.1243421167753,False,True,18.871081968331268,16,17.709159380834848,770.521,in_progress,0.0
239,38.0,5.659082333036333,0.5722071874108758,-3.859357829709891,1.5473759494018324,1.0,[1.5473759494018324 1.0],1977.8203236107322,False,True,19.678203236107322,17,17.709159380834848,770.578,in_progress,0.0
239,39.0,5.736103442693388,0.5752515096942374,-1.7984890569957637,30.0,4.0,[30.0 4.0],2051.312009001473,False,True,20.113120090014732,18,17.709159380834848,770.635,in_progress,0.0
239,40.0,5.851049122107541,0.5811475124440659,0.7210000990763047,30.0,1.0,[30.0 1.0],2086.4680768352478,False,True,20.764680768352477,19,17.709159380834848,770.7,in_progress,0.0
239,41.0,5.950946364551501,0.6009515408181566,4.788446678744995,30.0,1.7955723463412967,[30.0 1.7955723463412967],2150.95561414426,False,True,21.32999890680847,19,17.709159380834848,770.771,in_progress,0.0
239,42.0,6.054467984895642,0.632077976201884,9.641050141392338,2.086497431602716,1.5911793741526956,[2.086497431602716 1.5911793741526956],2207.219128810692,False,True,21.913073350691647,20,17.709159380834848,770.846,in_progress,0.0
239,43.0,6.170687012272305,0.6726819090581106,13.7626832418216,30.0,1.0771348673284602,[30.0 1.0771348673284602],2267.306944897308,False,True,22.565355962240233,21,17.709159380834848,770.908,in_progress,0.0
239,44.0,6.258091429372172,0.6966941484289113,14.268083038400597,30.0,3.3868806563833855,[30.0 3.3868806563833855],2340.336456649418,False,True,23.06467650085584,21,17.709159380834848,770.973,in_progress,0.0
239,45.0,6.3587598048007505,0.7315176788178895,16.26683327315736,-18.700365452161265,1.8475825797653642,[-18.700365452161265 1.8475825797653642],2384.188062929182,False,True,23.657122371315282,22,17.709159380834848,771.046,in_progress,0.0
239,46.0,6.467268575497922,0.7770427244877491,19.11012466832325,30.0,1.5102417639268904,[30.0 1.5102417639268904],2445.0042266166442,False,True,24.299018089773753,23,17.709159380834848,771.107,in_progress,0.0
239,47.0,6.567396495723993,0.8142696494410253,19.662496202407848,9.496935117606768,2.189630687260183,[9.496935117606768 2.189630687260183],2519.470425204093,False,True,24.97574118331491,24,17.709159380834848,771.174,in_progress,0.0
239,48.0,6.680457028319057,0.8672673408914987,22.01537787143414,30.0,1.0,[30.0 1.0],2584.9550467518234,False,True,25.749550467518233,25,17.709159380834848,771.243,in_progress,0.0
239,49.0,6.782347852366811,0.923979093913512,24.957573536690482,26.108138490910783,2.5966217292948963,[26.108138490910783 2.5966217292948963],2670.3147077097547,False,True,26.44348490416806,25,17.709159380834848,771.308,in_progress,0.0
239,50.0,6.8656197408912485,0.979262483185606,28.224322283071928,10.63197957620234,1.0,[10.63197957620234 1.0],2715.195124130911,False,True,27.051951241309112,26,17.709159380834848,771.371,in_progress,0.0
239,51.0,6.972916456989975,1.0773447545322146,35.37115874515494,10.566061972895653,2.4391612498116872,[10.566061972895653 2.4391612498116872],2818.7411136466694,False,True,27.943495011485524,27,17.709159380834848,771.434,in_progress,0.0
239,52.0,7.0148572519238135,1.1225733544121148,38.32025558693037,25.9917512098451,2.254881771334385,[25.9917512098451 2.254881771334385],2851.5295510373076,False,True,28.289807333239636,28,17.709159380834848,771.509,in_progress,0.0
239,53.0,7.081436394299286,1.2080492026758598,43.89815548375582,26.594260278281155,2.6703006008707972,[26.594260278281155 2.6703006008707972],2920.5487960641494,False,True,28.93845790055441,28,17.709159380834848,771.573,in_progress,0.0
239,54.0,7.1472814068628985,1.3195205791168916,51.21723831011455,-30.0,2.574282519866239,[-30.0 2.574282519866239],2995.3363935704247,False,True,29.69593568371762,29,17.709159380834848,771.628,in_progress,0.0
239,55.0,7.2058441756101255,1.4309287132066122,57.44610986623378,22.18515813373802,2.7712415107515254,[22.18515813373802 2.7712415107515254],3069.910045879432,False,True,30.421976307719163,30,17.709159380834848,771.708,in_progress,0.0
239,56.0,7.271729726616442,1.5495396702601554,59.85415924204858,-30.0,1.9365557445958874,[-30.0 1.9365557445958874],3136.129355601377,False,True,31.16763798155418,31,17.709159380834848,771.799,in_progress,0.0
239,57.0,7.354840630036714,1.7143982691713655,61.69662175529275,30.0,1.0,[30.0 1.0],3220.348401025898,False,True,32.10348401025898,32,17.709159380834848,771.843,in_progress,0.0
239,58.0,7.408821384734757,1.8048182860244621,60.57958526084473,-13.321283217551223,1.8218026261986713,[-13.321283217551223 1.8218026261986713],3270.284225112904,False,True,32.520661988509175,32,17.709159380834848,771.903,in_progress,0.0
239,59.0,7.476878712987304,1.9238317559848772,60.3734905784965,4.289330625381531,1.222557726466887,[4.289330625381531 1.222557726466887],3315.001513442059,False,True,33.0277593617739,33,17.709159380834848,771.974,in_progress,0.0
239,60.0,7.5350310223548576,2.0163400401815124,59.30882506286749,15.198932036759494,1.171685531621862,[15.198932036759494 1.171685531621862],3358.615105354373,False,True,33.46898250038154,34,17.709159380834848,772.04,in_progress,0.0
239,61.0,7.586808205728927,2.1211173549751026,61.176999002243,17.876095628830818,4.0,[17.876095628830818 4.0],0.0,False,False,33.79713928235368,34,17.709159380834848,772.112,in_progress,0.0
239,62.0,7.628411539410095,2.224043072969713,63.98730883900578,15.286525736781037,4.0,[15.286525736781037 4.0],0.0,False,False,34.20808082277118,34,17.709159380834848,772.171,in_progress,0.0
239,63.0,7.666037672309175,2.3604325183513737,69.25366239221592,3.9469154876398207,3.67668479540019,[3.9469154876398207 3.67668479540019],0.0,False,False,34.65734818702211,35,17.709159380834848,772.238,in_progress,0.0
239,64.0,7.693294084099602,2.4815324991172156,72.88250127560812,25.629858700892235,1.0,[25.629858700892235 1.0],0.0,True,False,34.941071703018764,35,17.709159380834848,772.308,off_track,0.0
